station goes
14.7744 14.8058771484375
12.2688 12.8994635742187
9.6768 12.9924826171875
13.7376 12.7233650390625
4.1472 13.5169541015625
11.8368 12.8028181640625
15.8112 15.1161908203125
11.4912 12.1655874023437
11.9232 12.5694413085937
13.9968 13.6689407226563
12.3552 12.3167364257812
11.7504 11.7888020507812
11.232 11.7638630859375
12.1824 12.3996594726562
15.6384 15.10920703125
10.2816 12.3508291992187
12.2688 12.6385461914062
13.7376 14.178237890625
14.5152 14.7117919921875
15.2064 14.7980583984375
14.0832 15.10595859375
12.528 13.6211159179687
10.2816 12.0795143554687
12.6144 12.7110541992187
12.96 12.7954318359375
14.0832 14.163458203125
12.0096 12.5528607421875
8.208 12.2536327148438
15.6384 15.2195994140625
14.4288 14.8014369140625
14.8608 14.07465703125
12.096 12.7194046875
12.7872 13.0102655273437
11.232 11.7614329101563
12.8736 12.581933203125
12.4416 13.0873236328125
13.1328 12.8467986328125
14.9472 14.9805791015625
14.5152 14.1417193359375
13.4784 12.3669518554688
13.1328 14.5784337890625
11.1456 12.2276364257812
15.0336 14.46406875
13.0464 12.6731786132812
14.5152 14.4546653320312
10.9728 12.1652903320312
11.9232 11.8310124023437
13.0464 12.91685625
14.256 14.8768716796875
12.2688 12.9724013671875
8.208 9.84063515625
7.1712 10.4997708984375
15.3792 14.5776014648437
10.1952 10.2929756835937
14.8608 15.0340341796875
13.824 13.9280923828125
14.1696 14.3594270507812
10.6272 11.1887586914062
11.4912 11.78099296875
12.4416 12.321214453125
11.5776 11.7077501953125
11.4048 11.8287413085938
13.1328 12.3866279296875
12.0096 12.3936073242187
14.3424 12.7596884765625
11.8368 12.6013869140625
13.5648 12.7815952148437
15.4656 14.7103391601563
12.6144 12.8329453125
13.5648 14.975265234375
12.2688 12.7631267578125
12.6144 11.946884765625
6.3072 12.9276043945312
11.232 12.10234921875
10.7136 12.1166516601562
11.3184 12.4499838867187
13.0464 12.8236473632812
10.368 11.9274811523438
12.0096 12.298725
9.504 12.0766561523437
14.256 14.323236328125
14.4288 14.143187109375
11.1456 12.8076864257812
12.1824 12.7742783203125
11.232 12.2667864257813
12.1824 12.6452513671875
14.3424 13.7761013671875
11.9232 13.0944498046875
14.0832 13.2343743164062
13.1328 12.7520244140625
10.1952 11.982491015625
11.0592 12.0778760742188
10.368 11.6722001953125
10.1088 12.1345813476562
12.96 12.6857416992187
15.4656 14.5720344726562
11.7504 12.6443953125
10.4544 12.6631951171875
11.8368 12.0345890625
15.8976 15.273084375
11.3184 12.8176620117187
11.9232 12.3972547851562
14.0832 14.2317263671875
15.4656 15.0596666015625
11.8368 11.9785122070312
13.7376 14.0714630859375
13.5648 13.815994921875
12.0096 12.6251393554688
13.4784 14.160582421875
12.6144 13.066062890625
14.3424 14.8304689453125
11.7504 12.4831889648437
15.2928 15.17028046875
13.4784 12.5024299804687
12.2688 12.9578080078125
13.1328 12.6566920898437
14.688 15.074251171875
14.0832 13.8634321289062
13.824 12.4254395507812
12.528 14.5153045898437
12.3552 12.231355078125
15.12 14.472066796875
11.4912 12.2229518554688
14.688 14.4994948242188
12.7872 12.3043719726563
14.256 14.469496875
11.9232 11.9424990234375
12.6144 11.9251836914063
13.392 12.8480739257813
13.9968 15.342359765625
12.2688 12.7636602539063
10.9728 11.1856983398437
9.504 12.0203630859375
15.2064 14.6543950195313
11.1456 11.3591276367187
14.5152 14.8890287109375
13.7376 13.8571321289062
12.096 14.2005295898438
11.5776 9.6899818359375
12.096 11.71045546875
14.688 14.561827734375
11.4912 11.8497172851562
8.5536 12.01984453125
13.824 12.8168920898437
14.3424 13.8125135742187
10.4544 12.5540736328125
15.3792 14.8556091796875
12.8736 12.3070069335937
11.4912 12.3153442382813
12.2688 12.8320013671875
13.9968 14.161109765625
9.8496 11.9518444335937
12.96 12.6731162109375
11.232 12.2350869140625
12.2688 12.4859478515625
13.7376 14.0859017578125
10.6272 12.8308078125
14.1696 11.80243828125
13.3056 12.68645625
11.7504 11.99827265625
11.4048 12.1887430664062
11.5776 11.6844178710937
11.664 12.471352734375
13.1328 12.5814682617187
14.9472 15.3078451171875
12.1824 12.783628125
11.664 12.8270540039062
12.6144 12.1400006835937
15.2928 15.138284765625
11.664 12.82869140625
12.0096 12.367156640625
14.0832 14.3739140625
14.9472 15.2117138671875
11.8368 12.2967123046875
13.4784 13.7953916015625
13.2192 13.7187509765625
12.7008 12.6388889648437
13.3056 13.8010930664062
12.528 13.06589765625
13.9968 14.8212052734375
0.0864 12.4289279296875
12.0096 12.7122943359375
14.9472 14.971391015625
15.2928 14.9336068359375
10.9728 12.3670485351563
12.7008 12.6746499023438
13.4784 14.1329944335937
14.3424 14.8807125
14.9472 14.682202734375
13.7376 15.0653091796875
11.7504 12.7513327148438
10.7136 12.0956686523438
15.8112 13.2186049804687
11.664 12.17501015625
13.0464 12.7011489257812
10.4544 11.6439758789063
14.5152 14.882255859375
7.9488 12.446208984375
15.2928 14.757078515625
14.0832 14.6851233398438
14.7744 14.1364186523437
12.096 12.9296373046875
12.6144 12.8809801757813
11.4912 11.8961279296875
9.5904 10.6491700195312
12.8736 14.6820111328125
12.7008 13.4427322265625
8.2944 11.708694140625
11.4048 9.19667021484375
12.2688 11.8443489257812
14.3424 14.4917903320313
9.504 11.58542578125
8.4672 11.9935344726563
6.8256 9.03837216796875
13.824 12.7412252929687
5.616 9.8112181640625
15.2064 14.730908203125
11.4912 11.818768359375
11.3184 12.5295943359375
5.2704 8.8626498046875
12.2688 12.4201661132812
11.8368 11.7040649414062
10.6272 11.4708049804687
12.6144 12.30348515625
12.4416 12.1886490234375
14.256 12.4894942382812
10.1952 11.9787978515625
13.5648 12.529571484375
15.0336 14.73484921875
12.8736 12.608680078125
14.0832 14.981452734375
9.072 11.0722702148437
6.9984 12.8983930664062
11.7504 12.449049609375
12.0096 12.64188515625
12.3552 12.6093190429687
13.4784 12.5923596679687
12.7008 12.4355100585937
12.096 12.1415220703125
10.1952 12.2646067382813
14.1696 14.0388873046875
12.0096 12.1972737304687
13.2192 13.6437908203125
12.528 13.3131603515625
11.4912 12.2717083007812
3.3696 7.87407626953125
9.8496 13.7500989257813
12.1824 12.4266559570312
11.9232 12.5480663085938
14.3424 14.7829517578125
14.1696 14.6677552734375
15.0336 14.5104029296875
8.7264 11.2105151367187
12.528 12.5628723632812
13.5648 14.19975703125
13.7376 14.69572734375
13.1328 13.6578858398438
13.5648 14.5800571289062
4.8384 8.36104482421875
10.4544 12.05339765625
14.7744 12.9292901367188
12.096 10.663210546875
12.8736 12.5560037109375
6.912 10.6349704101562
12.2688 12.3709772460937
13.824 11.5368143554687
8.208 12.4871844726562
15.12 14.220390234375
12.7872 14.3742638671875
14.688 13.9708538085938
12.2688 12.79146796875
12.7872 12.8836458984375
10.7136 11.370258984375
13.0464 12.4240341796875
12.1824 12.7607677734375
13.0464 12.6162588867188
14.0832 14.9665552734375
13.7376 13.935540234375
13.3056 12.592627734375
3.888 7.9561388671875
11.0592 11.7017569335937
15.0336 14.2039283203125
11.664 12.1943821289063
14.0832 14.238769921875
6.2208 8.66409873046875
13.5648 14.0914942382812
12.0096 12.00395390625
10.9728 11.553103125
5.0976 8.6764833984375
5.616 9.42240498046875
11.8368 12.8147493164062
8.8992 10.4077845703125
10.5408 12.1095624023437
14.7744 14.4028942382812
4.4928 7.875228515625
7.6896 9.9603896484375
3.8016 7.46707060546875
14.9472 14.798401171875
7.5168 10.0008131835937
4.0608 9.426343359375
3.8016 6.39102963867188
6.1344 9.036080859375
9.1584 9.3973095703125
9.5904 11.559631640625
2.7648 7.3724501953125
12.6144 12.4662462890625
13.0464 12.6028397460937
10.368 11.8928935546875
13.0464 12.5850067382812
10.2816 14.6675953125
12.3552 11.6784940429687
8.8128 15.0571265625
10.0224 11.7456697265625
13.0464 12.2395921875
6.6528 12.79828125
10.1088 11.6821142578125
9.504 11.7740548828125
11.664 12.4104084960937
13.0464 12.332837109375
8.2944 10.7816493164063
12.3552 12.2421911132812
6.6528 10.78760390625
13.6512 13.856164453125
13.7376 13.6999327148437
7.4304 10.9027151367187
9.5904 11.5201010742187
11.3184 12.26707734375
13.0464 13.9309778320312
4.6656 7.09295405273437
13.3056 12.3100918945312
12.96 12.6012331054687
10.8 11.5137114257812
9.2448 11.2743202148437
11.3184 11.7424168945312
9.5904 11.7794258789062
13.2192 12.6005528320312
14.688 15.0661669921875
6.1344 10.7755637695312
9.2448 12.1381356445312
12.096 12.0834958007813
15.2064 14.6051059570312
11.5776 12.776811328125
11.8368 12.2160928710937
13.824 14.3440541015625
13.7376 14.167571484375
5.0112 8.36031533203125
8.3808 10.5080765625
5.8752 9.22722275390625
5.5296 8.24401142578125
6.8256 9.97452421875
13.3056 14.3815166015625
3.024 5.92111889648437
9.8496 9.9634904296875
4.9248 8.63969677734375
6.8256 8.749290234375
9.7632 11.2368946289062
6.5664 8.21693935546875
7.776 9.78710537109375
3.7152 6.2323013671875
8.3808 11.0278309570313
6.3072 9.54674912109375
3.456 8.43179150390625
6.3072 8.4408609375
5.0976 6.97366142578125
7.5168 9.2390044921875
4.2336 5.72336499023437
4.5792 8.38903095703125
3.1104 6.24277309570313
5.3568 8.31913154296875
6.5664 8.92206123046875
3.7152 8.66720478515625
7.1712 9.23677998046875
6.1344 8.894281640625
6.3936 8.99537080078125
5.7888 9.5225501953125
7.2576 10.480158984375
7.344 9.49121279296875
5.184 8.256561328125
9.2448 10.9575544921875
7.776 11.2706692382813
9.4176 8.6956576171875
9.504 10.5075404296875
6.912 11.2122975585938
5.8752 8.33444033203125
5.7888 9.13343466796875
5.616 8.12318115234375
2.9376 7.52876806640625
5.5296 8.3061580078125
9.7632 10.309264453125
7.776 10.0464741210938
3.888 10.8272346679687
7.6896 9.799906640625
9.8496 10.7890795898437
10.6272 11.2438810546875
6.9984 9.4437421875
9.2448 10.416090234375
4.9248 9.03616611328125
5.2704 7.40750009765625
10.9728 12.75282421875
6.1344 10.737622265625
6.7392 8.51506962890625
5.2704 8.66012958984375
5.7024 8.5766185546875
11.664 12.3202810546875
3.8016 7.4664509765625
9.4176 9.8607216796875
10.7136 11.5014084960937
8.9856 9.67950087890625
7.344 9.59628515625
9.6768 10.7198727539062
6.2208 8.84974833984375
6.7392 9.92790263671875
14.0832 14.0563318359375
6.48 9.42657626953125
5.616 8.48906630859375
9.1584 10.6370481445312
6.9984 9.36946845703125
7.1712 9.190346484375
3.8016 6.70862065429688
6.9984 8.75928955078125
6.5664 7.258640625
3.1104 5.40071279296875
8.8992 10.3106241210937
5.5296 8.75662294921875
8.5536 10.9719369140625
3.9744 8.58125654296875
13.5648 14.6581611328125
10.1088 11.616542578125
8.3808 7.98864169921875
6.048 10.0101638671875
7.344 10.1504162109375
14.5152 14.6521916015625
4.5792 8.7510375
7.2576 9.2049609375
2.16 5.42554057617187
2.9376 6.3931833984375
14.1696 14.4932141601562
6.7392 10.1918153320313
4.0608 6.87026821289062
8.7264 8.8810189453125
11.232 12.3003369140625
3.1968 6.99770654296875
5.7024 8.38293046875
7.9488 10.6549514648437
9.6768 11.1649122070313
6.912 8.9073791015625
4.0608 6.27064716796875
6.5664 8.0336408203125
9.6768 11.6224092773437
6.3936 8.62374814453125
7.5168 9.01832431640625
7.0848 9.90035947265625
8.2944 9.51930791015625
6.8256 8.07354140625
9.072 10.6644647460937
7.776 8.5166103515625
10.0224 11.3799594726562
6.048 8.43804052734375
5.4432 7.560703125
8.8128 10.7021724609375
6.7392 9.41830224609375
7.5168 9.69676962890625
5.7024 9.077090625
10.2816 10.69329375
4.4928 9.1523109375
11.232 12.2472017578125
7.2576 9.1050802734375
8.1216 11.3132258789063
9.072 11.3317655273437
7.2576 10.5062616210937
5.3568 7.48817666015625
6.48 8.79757822265625
8.3808 10.2531805664063
11.0592 10.7823796875
5.9616 9.47117109375
4.6656 7.45763203125
14.3424 14.4156629882812
8.208 11.6917294921875
11.664 12.626553515625
7.8624 11.5450532226563
6.3072 10.8659671875
1.8144 6.94619340820312
13.1328 13.5534234375
6.9984 12.092797265625
3.9744 7.0955490234375
7.4304 9.4841771484375
9.2448 10.6011870117187
7.0848 7.52609619140625
8.2944 9.59171572265625
7.9488 9.3263625
7.4304 10.6762473632813
7.6896 8.88828662109375
7.2576 10.7934741210937
12.4416 13.3224609375
7.2576 8.78223955078125
6.48 8.68527421875
8.8992 10.8134208984375
9.072 11.2216737304687
14.9472 10.8072087890625
11.3184 11.3491880859375
7.6032 10.6321579101563
6.8256 8.64529365234375
6.5664 9.84054814453125
11.4048 12.0927515625
12.7008 13.174744921875
8.1216 10.30066875
8.64 10.4552516601563
4.5792 7.779554296875
11.9232 11.514012890625
6.9984 9.445187109375
6.9984 8.97496611328125
9.6768 11.2180447265625
4.32 6.90087348632813
9.8496 10.5666662109375
11.4048 13.353057421875
8.4672 9.541592578125
5.4432 7.895239453125
8.9856 10.999226953125
3.888 5.70109614257813
7.776 8.84924296875
6.7392 7.93858359375
6.6528 7.76671171875
12.2688 13.3504215820312
10.8 12.5849961914062
8.4672 11.1101958984375
9.072 12.0233223632812
6.6528 8.53504189453125
1.9008 9.642012890625
3.8016 6.31845703125
7.776 10.5081626953125
5.0976 5.5716046875
4.2336 6.15779033203125
4.32 6.09016904296875
8.7264 8.89014111328125
2.592 6.747507421875
7.8624 9.225140625
5.8752 6.85530571289063
4.2336 6.7877279296875
6.2208 7.77123544921875
3.2832 6.15046904296875
1.3824 4.13974599609375
2.16 5.22165366210938
1.3824 4.19241049804687
4.6656 6.67869301757812
10.7136 10.7804680664063
10.368 7.751499609375
6.48 9.7537482421875
8.64 11.181701953125
11.7504 12.537207421875
7.9488 9.17399091796875
9.8496 13.1398567382812
7.6896 10.5597685546875
6.048 9.4888916015625
5.9616 8.93885888671875
6.5664 9.3797771484375
5.5296 8.53317509765625
8.2944 8.469882421875
7.344 9.70977568359375
4.0608 6.70607138671875
6.3072 10.3965512695312
7.6896 8.55414755859375
10.368 12.8474024414062
7.6896 11.4901250976563
7.344 10.463094140625
6.5664 9.2539880859375
6.6528 8.62891787109375
10.1952 12.1963095703125
8.1216 9.63642216796875
11.0592 11.8972256835937
7.4304 8.87679140625
5.0976 7.72817080078125
7.776 10.0518688476562
4.9248 7.50335361328125
5.3568 9.41404658203125
10.8 8.76087509765625
8.208 9.91129130859375
1.728 5.22288764648437
6.3936 7.74784775390625
3.5424 7.36228388671875
5.5296 8.447895703125
6.6528 8.70350009765625
4.1472 6.33470229492187
5.616 7.5218396484375
5.2704 7.561079296875
5.4432 7.47421962890625
2.8512 4.95701499023437
4.5792 5.42349052734375
4.9248 6.53361635742187
7.1712 9.3383349609375
5.0976 8.727837890625
9.3312 10.0929788085937
6.9984 8.74662626953125
6.5664 7.9998662109375
7.4304 9.4932826171875
3.1104 5.99933540039062
6.9984 6.61663432617187
6.8256 8.44598408203125
5.9616 7.806287109375
3.3696 3.32452067871094
5.0112 8.261521875
3.9744 6.07602172851562
3.8016 6.34159116210938
8.8128 10.3270719726562
5.0112 6.22866928710937
6.3936 8.399105859375
6.8256 7.31889008789063
2.592 4.492107421875
3.024 5.88464692382813
2.9376 5.88208798828125
1.9872 5.14996962890625
4.32 6.61037211914062
3.888 6.05261381835937
6.5664 6.27370180664062
4.8384 7.81850478515625
2.592 6.33121743164063
3.8016 6.93570234375
4.0608 4.52591411132812
4.1472 6.81001787109375
2.592 4.98245581054687
3.5424 6.33239560546875
6.912 8.49958857421875
4.752 8.245490625
1.5552 4.89548583984375
4.4928 5.98763056640625
5.4432 7.585639453125
6.9984 7.7610779296875
10.1952 11.7159029296875
10.5408 8.379882421875
2.8512 6.08004536132812
4.752 7.12146313476562
7.344 9.6037013671875
7.4304 5.96521538085937
2.592 5.05901689453125
7.5168 8.761489453125
5.616 9.42983701171875
6.048 6.3088259765625
6.3072 7.6149140625
5.616 8.68178671875
6.6528 8.6739328125
5.3568 7.1320623046875
8.7264 9.485504296875
2.7648 6.191912109375
5.4432 6.44148413085937
4.32 6.40949370117187
3.024 6.16482202148438
4.4928 6.93778579101562
6.48 8.4800109375
6.8256 8.7233255859375
5.4432 5.36654838867188
5.5296 7.45953134765625
9.2448 11.6441349609375
7.0848 9.33574130859375
4.5792 6.34867734375
2.6784 6.1015130859375
3.3696 5.96407236328125
3.9744 7.637888671875
4.1472 6.10099541015625
8.0352 11.163178125
2.5056 5.14330268554687
3.7152 5.67325063476562
8.9856 10.3736953125
8.4672 9.50196708984375
4.2336 6.72864916992187
7.344 8.809034765625
5.4432 6.92011713867188
6.6528 7.31862553710937
7.5168 8.57600595703125
3.888 6.98344365234375
4.8384 5.81418500976562
5.7888 7.91160556640625
5.5296 5.04300981445313
4.2336 6.5941470703125
6.9984 7.2299865234375
7.2576 9.1514021484375
4.4064 5.47871264648438
5.2704 6.411048046875
8.3808 9.9955845703125
6.3936 8.2127794921875
9.504 10.8262081054687
7.2576 8.800396875
5.8752 8.91217001953125
7.8624 11.619534375
6.8256 9.04717177734375
8.4672 9.50865380859375
3.3696 5.90152895507812
8.4672 9.2048291015625
7.6032 10.087875
8.1216 9.1758322265625
6.2208 7.19006748046875
1.9008 3.42475598144531
8.2944 10.0906268554688
9.5904 11.4085696289062
6.2208 7.02918764648437
3.888 7.034516015625
3.7152 6.49940493164062
4.4064 6.46881987304687
4.2336 5.92038720703125
8.4672 10.2010403320312
7.6896 9.64695673828125
9.8496 11.5629275390625
6.5664 7.11730854492188
6.3936 7.626399609375
7.1712 8.17840458984375
9.504 10.3361774414062
7.6032 10.5890071289062
8.9856 10.7794494140625
6.8256 7.88511357421875
8.1216 10.7269048828125
10.0224 10.7619547851563
4.752 6.05558540039062
7.6032 10.7466064453125
9.072 10.9750491210938
7.2576 10.3213072265625
6.2208 6.53594985351562
2.7648 5.06351689453125
4.5792 6.313369921875
7.9488 8.9921671875
8.8128 11.1658763671875
6.3936 7.72300458984375
4.8384 6.83740283203125
4.1472 6.29441455078125
6.3072 9.3279462890625
4.6656 6.91561318359375
2.5056 5.58851528320313
6.2208 7.70225537109375
8.3808 10.2185138671875
4.4064 7.876290234375
3.8016 7.28968798828125
2.16 4.69610903320312
10.368 10.5438849609375
5.616 7.636134375
2.16 4.42279643554687
7.776 8.39710810546875
9.5904 9.91497744140625
2.7648 4.84178686523437
8.2944 9.6094634765625
7.0848 9.5215640625
5.3568 8.38554697265625
7.8624 9.55456259765625
7.0848 10.06830703125
10.9728 11.5162611328125
5.184 6.81583139648437
2.7648 5.93488125
8.0352 9.90342158203125
9.072 9.8655591796875
13.5648 8.967258984375
10.1952 11.163870703125
7.0848 9.2405408203125
5.7888 7.21004633789062
8.5536 10.1097413085937
9.1584 10.8514854492187
10.1952 11.1462987304688
7.776 9.41236083984375
8.9856 11.2542662109375
3.1968 6.4914328125
10.1088 9.32026025390625
8.2944 10.2075380859375
7.5168 9.400531640625
9.2448 11.3950107421875
8.3808 10.1810390625
3.1104 7.09842041015625
9.4176 9.494145703125
9.8496 11.6583732421875
8.64 9.21410595703125
4.0608 6.29467778320312
6.7392 10.0147790039063
2.592 2.9470412109375
5.8752 6.94675986328125
6.5664 8.0335529296875
11.0592 12.6206762695313
9.072 11.7750383789062
6.8256 10.1638810546875
4.6656 7.66401328125
11.4048 12.6290627929687
3.888 8.15117431640625
5.0976 8.88316259765625
4.1472 7.22661372070313
12.096 12.6453568359375
3.8016 8.60377412109375
12.096 12.1487334960937
4.0608 5.96415541992187
3.8016 8.45786865234375
5.4432 7.905909375
2.8512 8.01715341796875
7.5168 10.4040395507812
3.456 6.45537612304688
10.8 10.639606640625
3.7152 4.98801752929687
6.6528 7.4698857421875
4.5792 5.06267182617187
8.5536 10.9221143554688
9.1584 10.3714294921875
10.0224 10.6694129882813
4.752 6.674586328125
8.7264 10.9483541015625
3.9744 5.01148608398437
4.1472 7.6552927734375
3.6288 6.26688588867188
3.2832 5.4273814453125
2.5056 4.40678715820312
6.048 6.24934116210938
4.4064 4.74659077148437
4.1472 8.529423046875
8.5536 9.40387060546875
8.5536 9.74981953125
3.3696 7.41116689453125
2.9376 6.014334375
10.7136 12.0528887695313
2.7648 6.78325693359375
10.1952 12.8082629882812
3.888 7.53757294921875
12.4416 13.752411328125
9.3312 10.34099296875
6.9984 10.3227732421875
11.0592 11.67178359375
12.7872 13.5596548828125
12.6144 9.070959375
10.6272 11.9299412109375
4.8384 7.84921552734375
9.3312 10.9351529296875
10.0224 12.5071611328125
9.4176 11.4545680664062
11.9232 13.0550440429687
7.6032 8.77020732421875
4.752 8.00700029296875
3.888 7.12844033203125
9.7632 10.0246807617188
4.6656 7.32998452148437
8.9856 10.6772018554688
6.7392 10.5797557617187
11.8368 13.0097364257813
6.5664 10.6512583007812
13.2192 13.3429376953125
12.3552 12.5917268554687
11.1456 11.7998797851563
8.9856 10.5737255859375
3.5424 7.0486330078125
9.4176 10.7246083007813
10.1088 10.9973865234375
9.072 11.3260983398437
9.8496 10.7627326171875
10.6272 11.4987911132812
7.344 10.1609015625
2.592 6.51267114257812
4.8384 9.74998564453125
9.3312 10.1327370117187
12.1824 11.4597439453125
7.4304 10.437408984375
10.9728 11.9228756835937
5.4432 9.4056064453125
10.9728 12.1923870117188
8.64 9.32181064453125
10.6272 10.8868473632812
4.1472 8.393122265625
11.9232 12.5011327148437
8.208 10.8463376953125
10.6272 10.6293858398437
10.1088 11.3184474609375
10.6272 11.3200163085938
10.4544 9.48186474609375
10.4544 12.5383306640625
3.8016 8.16247529296875
13.4784 13.937143359375
5.0976 6.9816919921875
2.9376 7.339278515625
4.32 7.17693354492187
2.6784 6.23856005859375
8.8992 10.2753008789063
5.8752 8.114804296875
11.8368 11.2421399414062
3.1968 7.1978396484375
9.2448 11.8123145507812
9.1584 9.29326640625
3.024 8.11964970703125
4.2336 7.96760859375
10.9728 10.9588693359375
7.6896 10.2015026367188
3.7152 8.86168740234375
7.0848 8.99968095703125
7.6896 10.5712154296875
2.8512 6.44987944335938
2.16 6.04362348632812
2.2464 6.10684936523437
10.368 10.850909765625
5.4432 8.379952734375
2.16 6.46701108398437
11.232 11.8102877929687
7.776 10.0634396484375
2.16 7.02569619140625
1.9872 6.48777041015625
4.1472 8.41690107421875
9.1584 10.9162001953125
7.5168 10.0773500976563
3.7152 6.80901284179687
8.8992 10.398891796875
8.7264 10.5096181640625
4.4928 7.17558090820313
2.8512 6.69791293945312
4.0608 7.04941743164062
1.9872 5.65762631835937
2.5056 6.26459721679687
10.4544 11.3444112304687
2.6784 6.36631962890625
2.16 6.99472661132813
4.4928 8.16752724609375
11.664 12.2852276367187
2.16 6.46299052734375
4.4928 7.46832568359375
11.3184 12.6830961914062
8.4672 9.57777099609375
6.912 9.18531826171875
9.936 12.7374301757812
7.344 11.474272265625
13.9104 13.797249609375
12.7872 13.5180544921875
13.392 12.3254200195312
10.8 11.6517076171875
2.8512 5.85523520507812
9.7632 10.6924491210938
10.9728 11.3447443359375
10.7136 11.9351100585938
11.232 11.3686813476562
13.1328 13.9826856445312
12.528 13.0407038085937
2.5056 5.85703959960937
6.48 10.102376953125
9.8496 10.9136346679687
13.392 13.1116095703125
9.8496 11.3063458007812
13.2192 13.191496875
4.8384 9.06035537109375
13.2192 13.2314774414063
8.7264 10.069790625
11.4048 10.9129262695312
4.752 7.7432009765625
12.7872 13.2837952148437
10.1952 11.5749676757813
10.8864 10.6073200195312
9.8496 10.9742897460937
13.3056 13.101384375
10.7136 9.12784306640625
12.96 13.9422893554688
11.9232 12.60675703125
7.0848 10.3429951171875
6.912 8.1007224609375
8.4672 9.68345068359375
13.4784 13.8022259765625
11.1456 13.1021991210937
2.9376 6.3407162109375
5.4432 8.82799189453125
3.9744 6.82480590820312
12.96 12.5995666992187
9.504 10.6434017578125
8.2944 10.8781787109375
4.1472 6.96013198242188
3.5424 6.6805171875
4.0608 7.33317231445313
11.9232 11.4282755859375
8.9856 10.2955913085937
3.024 7.0689322265625
12.3552 12.8763606445312
12.6144 12.84403359375
2.5056 6.81184731445313
2.16 5.45445834960938
5.616 10.3906907226563
10.4544 11.1797279296875
12.528 12.838833984375
3.3696 7.16944130859375
12.96 11.30544140625
9.2448 10.3688885742187
5.0112 7.6740416015625
3.5424 7.17110375976563
5.5296 7.95376494140625
2.16 5.42540258789063
2.8512 5.41028627929687
13.392 13.490803125
2.6784 6.32617998046875
2.2464 6.15433579101563
7.9488 9.7125697265625
13.9104 14.3171455078125
2.3328 5.91088623046875
6.9984 9.1438611328125
11.664 13.193539453125
13.824 13.9606875
9.2448 10.7750223632813
12.4416 13.0694510742187
11.4048 12.590180859375
2.7648 6.22289487304687
12.4416 12.8129220703125
4.2336 8.21553046875
13.824 13.59454921875
10.1952 11.2888810546875
8.4672 10.6928876953125
13.6512 13.8287408203125
13.6512 13.5707783203125
5.9616 8.56201025390625
8.1216 10.5136883789063
11.664 13.1208547851562
12.528 13.3962626953125
13.392 13.74271875
12.528 13.8131639648437
5.0112 7.86874658203125
4.4064 7.98815390625
14.3424 12.42211640625
5.184 7.78027236328125
10.6272 11.2572079101563
4.32 8.34692255859375
13.3056 13.85383359375
12.6144 13.2083323242188
4.0608 9.2949609375
11.3184 10.6048256835938
3.7152 6.75242578125
12.7008 13.0802352539062
11.0592 11.4774125976562
10.6272 10.4051364257812
9.5904 11.0203374023437
13.2192 13.468735546875
10.8 7.55064404296875
12.7872 13.9568879882812
11.1456 12.552324609375
8.64 10.5149056640625
7.776 7.39058115234375
3.024 5.98979223632812
13.2192 13.7483305664062
10.8864 12.9073157226563
2.4192 6.01391865234375
3.2832 6.16501098632812
3.024 5.88002607421875
13.1328 12.6011724609375
2.592 6.5687431640625
10.2816 11.9220451171875
3.456 5.45296333007813
2.592 6.55966362304688
2.9376 6.02806069335938
2.0736 5.53769033203125
3.456 6.4927125
2.5056 5.59710834960937
12.1824 11.2659776367188
7.0848 8.92549248046875
12.96 12.4455146484375
2.9376 7.45460947265625
3.6288 7.46850498046875
13.4784 13.8564615234375
9.1584 10.6477365234375
3.456 8.14518544921875
7.6032 9.55154970703125
1.9008 5.80355947265625
2.16 5.72109477539062
5.7024 7.6135974609375
7.8624 9.71775703125
1.9008 5.37581381835937
4.8384 7.72282265625
11.8368 13.15209375
12.96 13.6040009765625
7.6032 9.989715234375
11.7504 13.053540234375
10.5408 12.0897193359375
2.4192 5.54458315429688
10.8864 12.09986015625
2.7648 6.83863330078125
12.96 13.7243733398437
11.232 11.0714255859375
5.616 8.3508134765625
13.2192 13.7764880859375
12.3552 13.5923932617187
15.2064 12.46583671875
11.0592 12.3900767578125
2.0736 5.69552080078125
7.776 11.1042940429687
11.1456 13.0052452148438
12.7008 13.4744897460938
13.2192 13.5005651367188
12.2688 14.0853146484375
3.024 6.15310004882812
2.592 5.7268845703125
13.4784 11.427915234375
3.7152 6.8462560546875
11.8368 11.432358984375
3.3696 6.980656640625
12.6144 13.8607576171875
7.6032 9.85796103515625
12.4416 13.4709240234375
11.9232 13.7110245117187
12.3552 12.8833259765625
10.9728 11.836944140625
2.4192 5.47592783203125
9.6768 10.2227818359375
11.664 11.3867991210938
11.0592 11.5818275390625
11.664 11.1564940429687
13.392 13.9130411132812
11.0592 12.083473828125
2.3328 5.45657783203125
6.7392 11.24234296875
10.6272 11.196277734375
12.7872 13.2831483398438
7.6896 9.78487998046875
12.6144 13.1480419921875
4.32 7.74360263671875
2.6784 6.12938188476562
3.7152 6.12923334960937
3.7152 6.41705053710937
12.8736 12.9082157226562
2.6784 6.54563100585937
8.0352 9.800820703125
3.1968 5.68792573242188
3.1968 7.01376899414062
3.5424 6.44127978515625
3.024 6.74748061523437
6.1344 8.94282626953125
2.5056 5.63226811523437
12.0096 11.023372265625
3.2832 6.87617841796875
13.0464 11.8302811523437
7.5168 7.00017319335937
2.16 6.65148559570313
2.9376 6.32831088867187
8.4672 10.1259940429687
6.2208 8.202793359375
12.7872 13.8046552734375
2.7648 7.02165541992188
8.8128 10.095858984375
10.6272 11.390326171875
2.4192 5.50169912109375
2.0736 5.36865029296875
2.592 6.09620185546875
12.528 11.282783203125
6.2208 8.60538603515625
2.0736 5.93448178710937
11.4912 11.6544278320312
11.3184 12.4756294921875
1.9872 5.921764453125
1.9872 5.36118793945313
6.2208 7.84057060546875
9.8496 10.79505
11.232 12.911136328125
2.5056 5.84601196289062
13.0464 11.5424745117187
11.664 11.454929296875
2.7648 5.92033579101563
2.2464 5.591492578125
2.6784 5.70082104492187
1.9008 4.91159970703125
2.16 5.1725443359375
3.3696 6.61720385742187
11.3184 11.56150546875
10.6272 13.2696413085937
10.8 12.9894046875
7.0848 8.42935517578125
11.1456 13.7904336914062
4.1472 6.96760708007812
3.1968 6.47361958007812
9.6768 9.55015400390625
3.456 7.70559169921875
11.9232 11.1616646484375
3.3696 6.86244814453125
9.8496 11.039333203125
7.4304 11.40708515625
13.3056 13.2677235351563
6.8256 8.73309375
12.7872 13.1109275390625
10.9728 11.877043359375
2.6784 5.74833911132813
10.6272 10.522923046875
11.7504 11.2454674804687
11.4048 11.4760142578125
12.1824 11.1528720703125
11.232 12.3934473632813
9.5904 11.5782987304687
3.888 6.40203486328125
3.888 8.18647734375
11.3184 11.4746651367187
10.4544 13.7387276367187
6.3936 8.8928982421875
11.232 13.2957166992187
4.8384 8.04657216796875
11.3184 13.2530923828125
5.184 8.56710087890625
11.5776 10.7282162109375
6.048 8.29111201171875
12.6144 13.3081497070312
11.1456 11.3858947265625
9.6768 10.1724873046875
8.208 10.61303203125
13.4784 13.523115234375
10.1088 9.8542740234375
12.1824 12.6796508789062
11.664 12.6842431640625
5.8752 9.5712732421875
7.6896 9.434879296875
4.32 7.480466015625
12.7008 12.517396875
13.3056 13.4357616210938
11.664 10.9871982421875
3.2832 6.74723935546875
13.0464 12.8692669921875
8.3808 6.72778256835938
2.5056 6.66314033203125
3.456 7.592748046875
6.9984 6.65858671875
10.7136 11.1239639648437
10.0224 13.36884609375
2.7648 7.18417397460937
6.912 8.319146484375
10.6272 11.4806373046875
2.16 5.49551381835937
2.5056 5.699478515625
2.3328 6.1081646484375
12.096 11.1070907226562
4.32 7.3951611328125
1.9872 5.79555703125
12.6144 12.9724901367187
9.6768 10.877565234375
2.3328 6.35470356445312
2.9376 6.52890541992188
5.7024 7.0644814453125
10.7136 11.1854329101562
9.936 11.3798390625
3.3696 6.12937221679687
12.96 11.9936627929687
11.664 11.6204818359375
3.3696 6.48910327148437
2.16 5.65120810546875
3.3696 6.39664057617188
2.2464 5.65666743164063
3.024 6.1176287109375
7.6032 11.336741015625
2.16 5.47120590820312
2.592 6.12731162109375
5.7024 7.7636267578125
7.6032 9.99011953125
2.4192 6.47450024414062
5.184 7.8116501953125
12.096 13.0242462890625
12.3552 12.4536638671875
8.2944 9.03793359375
10.8 12.9471380859375
10.368 12.487658203125
3.1968 6.59080678710937
11.5776 12.8352375
4.2336 6.9197748046875
7.344 8.94378515625
11.3184 11.115348046875
8.64 10.1243680664062
12.528 13.1206825195313
10.5408 12.9241916015625
10.7136 9.37107421875
6.48 7.32706391601563
9.6768 11.735089453125
3.456 6.64451015625
3.6288 7.99495224609375
11.1456 11.1515748046875
11.232 11.234682421875
8.8128 10.182459375
11.664 10.7099411132812
4.8384 6.81360732421875
10.5408 11.465905078125
8.8992 10.218399609375
8.8128 9.40259091796875
3.456 6.29627607421875
12.7008 13.40519765625
11.1456 11.4604453125
6.7392 7.40153671875
5.7024 9.0747439453125
6.1344 9.5827412109375
9.8496 10.95320390625
7.344 11.0076301757812
6.7392 7.7847591796875
5.616 7.84683193359375
10.8 11.4439201171875
13.3056 13.483613671875
3.1104 6.44106489257813
3.8016 6.77568295898438
2.8512 5.43747744140625
12.7008 12.8287001953125
2.8512 5.70095288085937
10.4544 10.3046958984375
3.888 6.70571586914062
3.7152 7.5100939453125
3.1968 6.320344921875
3.3696 7.05673212890625
5.9616 8.349964453125
3.888 6.8137294921875
7.9488 10.053646875
2.8512 5.87118383789062
12.7872 12.0324489257812
11.8368 11.20101328125
3.6288 6.577491796875
3.1968 6.7768083984375
3.5424 6.38850893554687
2.4192 6.01756743164063
2.6784 6.369001171875
8.64 9.75924404296875
2.5056 5.869768359375
0.9504 5.86322446289063
5.9616 8.3900970703125
10.1088 11.6076243164063
2.5056 6.52301059570313
6.3936 8.99877392578125
10.8864 12.5886375
9.1584 11.5723661132812
6.8256 9.4033142578125
10.4544 11.1932709960937
3.1104 6.4803111328125
12.528 12.7110120117187
2.9376 5.9605857421875
10.0224 11.4843708984375
11.232 11.3652430664062
9.4176 11.0068637695313
9.5904 11.1963700195312
11.7504 10.6787944335937
9.4176 10.9062184570312
5.8752 8.5563931640625
11.0592 11.3105900390625
7.5168 11.4145708007813
11.664 12.59726484375
12.096 11.945801953125
10.368 12.0512434570312
3.024 6.5293048828125
3.2832 6.5801619140625
10.1088 9.0205787109375
4.1472 7.09006508789062
11.664 11.2623846679687
3.5424 7.56274306640625
8.64 11.028121875
7.0848 11.2987696289062
9.6768 12.2543771484375
10.6272 12.2574577148437
10.2816 12.1934540039063
10.9728 11.5030775390625
3.2832 6.28917583007812
7.776 9.31819482421875
11.8368 11.3213487304687
11.1456 11.8237526367187
12.0096 11.2067340820313
10.8 12.9030767578125
12.4416 12.4386336914062
7.8624 10.840756640625
6.5664 7.3456154296875
6.3936 8.09132431640625
13.7376 13.6400598632812
13.3056 13.1667495117188
2.592 5.89907373046875
3.6288 6.122794921875
3.7152 5.89101635742187
12.528 12.7401829101562
2.6784 5.75244052734375
13.9968 13.2664719726562
3.9744 6.43442651367188
2.8512 5.69301372070313
3.888 6.8184263671875
2.2464 5.4726767578125
6.9984 8.5442115234375
2.592 5.94951987304688
11.8368 10.82821640625
3.888 6.82699658203125
12.7872 12.7385033203125
10.4544 9.03328681640625
2.7648 6.3322259765625
3.9744 7.40295
8.8992 10.4584508789063
0.1728 11.4711073242187
10.0224 13.0045236328125
3.2832 6.42081752929688
8.0352 9.5358955078125
10.9728 11.468689453125
2.8512 6.02291381835937
2.6784 6.31480473632813
2.7648 6.66769526367187
12.1824 11.1199051757813
6.2208 8.7051041015625
2.592 6.63130327148437
11.0592 13.2723254882813
8.3808 11.2773568359375
2.9376 6.27325708007812
2.592 6.03348662109375
6.3072 9.46095732421875
10.7136 11.26931484375
4.4928 6.98236655273437
13.824 13.2134291015625
11.232 11.0786264648437
8.2944 10.373262890625
13.6512 13.7965983398437
13.9104 13.2578288085938
2.16 5.82632446289062
8.7264 10.74928359375
11.4048 13.087065234375
12.7008 13.2565737304687
13.6512 13.189166015625
12.6144 14.0295541992187
5.3568 8.32324833984375
2.7648 6.21593129882813
14.256 11.5075028320312
4.2336 7.1969150390625
11.7504 11.0614025390625
4.2336 7.27695395507812
13.7376 13.9866732421875
2.0736 5.17503823242187
7.1712 10.7012223632812
14.1696 13.6713638671875
12.7872 13.2030826171875
13.6512 12.7413518554687
10.9728 11.4966123046875
2.6784 5.86770512695312
9.6768 10.6060385742187
11.7504 11.2319674804688
11.0592 11.3556322265625
11.9232 11.1018005859375
13.3056 13.661307421875
12.8736 12.41193515625
2.2464 5.4165427734375
7.5168 10.8472526367187
11.0592 11.0682123046875
13.7376 13.2360767578125
9.8496 10.4564399414063
13.4784 13.2051946289063
5.184 6.50100717773438
12.6144 12.96211640625
3.9744 8.96062587890625
11.0592 10.707521484375
5.3568 7.6041298828125
12.3552 13.0155073242187
10.8864 11.2371530273437
10.1088 10.26689765625
8.3808 10.8851185546875
13.7376 13.2255571289062
9.4176 8.69763955078125
13.2192 13.5634684570313
2.592 6.574095703125
13.9104 13.2986170898438
2.9376 5.57857177734375
2.5056 6.285526171875
3.024 5.96299921875
2.16 5.97997749023437
2.4192 5.38537939453125
2.0736 5.7432603515625
10.6272 9.95647939453125
5.0976 7.63010859375
12.528 12.2116209960937
2.16 5.46964892578125
3.1104 5.83105473632812
13.824 13.488271875
7.6896 9.2089177734375
12.6144 13.5067702148437
2.6784 6.09948325195313
9.2448 10.193178515625
10.8864 11.2596161132813
3.024 6.15732846679687
2.8512 5.97132509765625
2.6784 6.13790112304688
12.096 11.0684961914063
8.5536 9.66531533203125
2.4192 6.32236904296875
13.3056 12.7461858398437
12.7872 12.17477109375
2.3328 5.88031655273438
1.9008 5.35589736328125
7.776 9.47498115234375
10.6272 10.9105268554687
12.6144 12.8497271484375
3.6288 6.14105815429687
12.4416 11.9598969726562
11.8368 11.1303290039062
3.3696 6.33997309570313
2.6784 6.04511279296875
3.1968 6.39671967773437
2.0736 5.5466419921875
1.9008 5.1466412109375
13.824 13.8045111328125
1.9872 5.73888911132812
2.0736 5.66399311523437
7.8624 9.499433203125
14.0832 13.570280859375
1.5552 5.45479233398437
6.48 8.8495857421875
12.3552 12.9928798828125
14.0832 13.6652994140625
8.208 9.967102734375
12.528 12.7462456054687
12.1824 12.4559033203125
2.3328 5.54824643554687
12.3552 12.3918240234375
12.528 12.5267501953125
10.1952 11.181589453125
2.5056 6.5294314453125
8.64 9.518973046875
10.5408 10.7186607421875
10.368 11.1615134765625
10.5408 10.7655521484375
12.0096 13.3324198242187
9.2448 12.52596796875
2.4192 6.57089516601562
5.4432 7.91330537109375
9.6768 10.4946688476562
13.3056 13.0035243164062
7.6032 9.38239013671875
12.1824 12.493058203125
4.9248 7.14115986328125
11.9232 12.7209682617187
4.4064 7.52565498046875
8.64 9.69571142578125
5.8752 7.62733125
12.096 13.2974578125
9.2448 11.016573046875
7.5168 9.90130517578125
6.2208 9.38714150390625
13.2192 12.7835015625
6.6528 8.6175263671875
12.2688 13.2298356445312
12.1824 12.2793890625
3.7152 7.43436123046875
5.7024 9.052407421875
2.3328 5.2785158203125
12.8736 13.4690888671875
12.7872 12.8114903320312
2.4192 4.95093779296875
2.7648 6.10131752929687
4.2336 6.90009213867187
10.4544 11.6775193359375
2.2464 6.00037998046875
2.2464 5.5892126953125
2.8512 5.74249526367187
11.0592 10.6115484375
5.0112 7.4806259765625
12.096 12.5709336914062
12.2688 12.2213206054687
2.16 5.9411091796875
1.9008 6.35484243164063
5.7024 7.7715052734375
8.8128 10.4441326171875
12.096 12.4539029296875
2.592 5.85552524414063
11.232 11.1171963867187
10.6272 10.93648359375
2.3328 5.3908751953125
1.9872 5.52617885742187
2.16 6.01448598632812
1.8144 5.00012578125
2.3328 5.60964506835937
12.8736 13.2077346679687
2.2464 5.94567465820313
2.16 6.08808735351562
5.0976 7.987032421875
13.7376 13.1313462890625
1.6416 6.01800205078125
3.6288 7.535021484375
10.8 12.426834375
13.4784 13.6374336914062
6.1344 8.3039396484375
11.232 12.2807874023437
11.8368 12.2950177734375
2.3328 5.99357373046875
11.8368 12.3351899414063
3.5424 6.03377534179687
13.5648 12.866002734375
10.4544 10.6890064453125
6.5664 9.8765806640625
13.3056 13.6437169921875
13.2192 13.42556015625
4.6656 5.75382084960938
9.072 10.5721918945312
9.7632 12.3476853515625
11.3184 13.1402487304688
13.2192 13.002609375
12.096 13.8833657226562
2.8512 5.807759765625
2.16 5.72522080078125
13.6512 12.5761209960937
5.8752 7.8831421875
10.368 10.938849609375
3.5424 7.1936455078125
13.2192 13.7227456054688
7.1712 10.7774727539062
13.5648 13.6537681640625
12.7008 12.8258252929687
3.1104 5.75199448242187
11.1456 12.5115952148437
8.3808 9.87252802734375
6.9984 9.64979033203125
6.2208 8.8543845703125
11.9232 12.0087650390625
7.2576 8.60667099609375
12.1824 12.9942237304688
10.1088 10.8308302734375
3.8016 7.56413701171875
6.48 8.58847236328125
2.8512 6.28975063476562
13.3056 13.4654317382813
11.4048 12.3505171875
2.6784 5.48430029296875
3.8016 6.59186455078125
3.1104 5.36502216796875
11.4912 11.2385680664063
2.0736 5.52060483398437
13.824 13.3654385742188
3.1104 5.70580224609375
2.16 5.3407951171875
2.2464 5.94426181640625
2.5056 5.70343930664063
3.3696 6.85536284179687
2.16 5.08908076171875
8.8992 9.31155380859375
4.32 6.84416645507812
11.4912 11.2121103515625
5.616 6.66042670898437
2.2464 5.87627358398437
3.888 6.67168813476562
13.1328 13.4572104492187
7.0848 9.33548994140625
11.5776 12.9665329101562
2.7648 6.49041723632812
6.48 7.99294833984375
9.6768 11.1246732421875
6.8256 8.198131640625
13.9968 13.4072604492188
1.728 6.03905317382813
6.9984 8.2216072265625
11.664 12.099856640625
13.5648 13.8194411132813
7.9488 8.66384560546875
12.1824 12.1549412109375
9.936 11.0834806640625
2.3328 6.19711215820312
9.4176 10.5971528320313
3.1104 5.49094174804687
13.6512 12.8958793945312
7.776 10.1633299804687
8.4672 9.73375400390625
13.6512 13.531904296875
13.7376 13.1488171875
1.9008 6.240062109375
9.1584 9.6217083984375
10.6272 12.2451767578125
12.528 13.019171484375
13.392 13.1028486328125
12.4416 13.7464681640625
2.592 5.3378349609375
2.2464 6.17888452148437
14.0832 13.2867975585937
2.6784 5.7069421875
9.5904 9.8003021484375
2.16 4.90304487304688
3.024 6.7496484375
13.392 14.10259921875
6.1344 9.21329384765625
13.9104 13.6819977539063
12.6144 12.8340448242187
13.3056 12.153343359375
8.2944 9.75009375
2.2464 5.77843681640625
7.6032 8.72044453125
8.4672 9.84715400390625
8.64 9.87213427734375
9.504 9.5315431640625
12.8736 13.3542377929687
12.7008 12.8696080078125
2.5056 5.847880078125
4.32 8.4093837890625
8.64 9.16317421875
13.392 12.7418141601562
6.3936 8.29335849609375
13.1328 12.554859375
1.9872 4.61455092773438
11.8368 12.443023828125
2.7648 5.93030083007813
7.8624 8.7666240234375
2.3328 5.1179537109375
2.3328 5.056846875
11.232 11.2514739257812
1.8144 5.34146616210937
13.7376 13.1295102539063
9.504 10.2530267578125
1.8144 5.14211879882812
1.8144 5.18915346679688
2.5056 5.77575439453125
7.6032 9.18485771484375
8.64 9.7902896484375
10.2816 10.3478809570312
3.888 7.34532275390625
12.096 11.9210080078125
6.9984 8.277387890625
2.16 5.74071987304688
0.432 5.84597065429687
13.7376 13.1709216796875
9.2448 9.855734765625
12.4416 13.0849655273437
2.6784 6.66018061523437
5.9616 8.02507763671875
7.4304 9.9084427734375
2.16 5.71101767578125
2.0736 5.95905380859375
1.8144 6.30925400390625
8.5536 10.397710546875
2.0736 5.80361879882812
4.6656 7.46393994140625
1.5552 5.76001186523438
12.096 12.3396837890625
12.4416 12.3667787109375
2.4192 5.55342055664063
2.7648 7.1317916015625
5.0112 8.19778798828125
8.8992 9.904616015625
12.2688 12.572184375
2.4192 5.27624780273437
11.8368 11.6705337890625
8.1216 10.3485322265625
2.592 5.967151171875
1.6416 5.70935961914063
2.7648 5.85579990234375
2.16 6.35133735351562
2.5056 5.46183149414062
13.4784 12.1415220703125
2.0736 5.53440629882812
2.4192 6.2206505859375
10.2816 12.1772627929687
13.3056 12.8361313476563
11.7504 13.497384375
1.8144 5.28477407226563
8.8128 10.5777096679687
13.1328 11.5961774414062
2.0736 6.03398452148438
10.9728 10.9461744140625
1.9008 4.79339560546875
1.8144 5.45317294921875
7.0848 11.0839737304687
13.1328 13.4046922851562
12.6144 12.6636125976563
12.7872 11.8271830078125
10.5408 11.3662010742188
2.4192 5.50063212890625
7.8624 9.55558740234375
10.9728 11.045844140625
10.4544 10.870541015625
11.3184 10.8964204101562
11.1456 12.38082890625
11.9232 12.54067734375
3.2832 6.14919418945312
2.7648 6.77089379882812
10.4544 10.8054272460937
12.8736 12.9303430664062
8.8992 10.1473892578125
12.7008 12.4480529296875
1.9008 5.1676048828125
11.7504 12.0303272460937
8.0352 9.9732357421875
7.344 8.75278212890625
2.3328 5.90584614257812
11.664 12.7748671875
10.4544 10.8907171875
8.1216 9.55721513671875
7.4304 9.08844697265625
12.3552 12.9871634765625
7.776 7.41054111328125
11.8368 12.73673671875
12.0096 12.375573046875
2.2464 5.9439216796875
6.8256 7.97988076171875
9.4176 10.062678515625
12.2688 12.9127860351563
1.9008 5.30223002929687
9.2448 10.574103515625
11.664 11.2885549804687
2.6784 5.72933803710937
2.592 5.85368920898437
13.7376 12.9810137695313
10.7136 10.935762890625
11.5776 12.0618377929687
2.592 6.59697978515625
8.9856 10.4743168945312
10.2816 11.06401640625
9.2448 10.4410775390625
8.8128 10.3943012695312
8.0352 10.2807852539063
11.232 11.0128623046875
8.2944 10.3418841796875
7.4304 10.5268060546875
12.4416 12.3675767578125
12.096 12.0055297851563
5.7888 9.04648798828125
9.072 9.98746875
9.7632 10.5585459960938
10.2816 10.8954413085937
11.9232 12.197928515625
1.5552 4.67345126953125
11.4048 11.2036517578125
10.9728 11.1299827148438
9.5904 10.55683125
8.4672 10.1003326171875
9.1584 10.3598455078125
8.64 10.3332005859375
2.5056 5.58774887695312
13.5648 13.2782844726562
5.616 7.94937568359375
6.1344 8.97680478515625
8.4672 10.255383984375
13.9104 13.2236604492187
2.3328 6.57366328125
8.1216 10.0481352539062
11.4912 12.29067421875
12.8736 13.7078885742187
9.5904 10.6782424804688
11.232 12.185560546875
11.8368 12.1524196289062
5.3568 8.50779755859375
11.9232 12.3219079101563
1.9008 4.80048442382812
13.4784 12.9987834960938
10.4544 10.93326328125
9.936 11.0763307617187
13.2192 13.2003518554687
13.824 12.3983622070312
6.6528 9.54772822265625
10.4544 10.8059809570312
10.2816 11.5479975585937
3.024 6.62008227539062
6.48 9.9271142578125
9.5904 10.0035307617187
13.3056 12.9851041992187
8.1216 9.0314701171875
13.3056 12.7314079101562
5.7888 7.5932912109375
12.4416 12.6015336914062
3.024 7.5573755859375
8.208 9.55957060546875
6.5664 8.20445537109375
12.0096 13.1014889648437
9.7632 10.0561526367187
5.184 7.94204736328125
5.2704 7.22961474609375
13.2192 12.9809364257813
6.1344 7.44285498046875
13.0464 13.168585546875
11.664 12.0384799804688
6.6528 10.0953254882812
8.1216 8.23769296875
2.5056 6.08977133789062
13.5648 13.3210608398437
13.1328 12.8611836914063
3.5424 6.44870961914063
7.8624 7.92321328125
5.0976 6.91817124023437
12.1824 11.6343254882812
3.5424 6.66159609375
14.0832 13.186733203125
2.9376 6.25769077148438
3.2832 6.25498198242187
7.4304 8.68044287109375
2.8512 6.09044985351562
3.1968 6.199948828125
1.9008 5.39491552734375
8.64 9.19060400390625
12.096 11.9186463867188
9.7632 10.1339314453125
2.5056 6.306521484375
1.728 6.040177734375
2.0736 5.96385703125
2.5056 6.18800317382812
2.6784 6.38220981445312
13.824 13.5396624023437
2.5056 6.36902314453125
2.6784 7.0154296875
5.9616 8.40926953125
14.1696 13.2244497070312
2.0736 6.5631796875
5.2704 8.7663322265625
12.3552 12.5590631835938
13.824 13.5673180664062
6.3072 8.7992982421875
12.2688 12.373119140625
11.4048 11.97320625
3.3696 6.33662446289062
10.1088 11.9056376953125
5.184 7.43429619140625
13.7376 13.070415234375
9.4176 10.151145703125
5.8752 8.24192490234375
13.7376 13.5703502929687
13.824 12.8102018554687
1.9872 5.96070439453125
9.4176 10.088223046875
10.6272 12.7032249023438
12.4416 13.2193740234375
13.4784 12.7772956054687
12.528 13.6910109375
7.1712 8.7754376953125
2.3328 6.59301284179687
14.256 11.7920645507812
5.9616 7.4716998046875
10.1088 10.1211688476563
3.024 5.40561796875
7.344 9.39524765625
13.6512 13.6906365234375
4.9248 8.90192373046875
13.9104 13.2918046875
12.528 12.889550390625
13.392 12.457951171875
8.8128 10.1369408203125
3.1104 6.41394096679687
8.5536 9.4632626953125
9.8496 9.981924609375
10.0224 10.7993478515625
10.6272 10.4136583007813
12.96 13.0967604492187
12.7008 12.7078611328125
7.2576 8.02440263671875
8.208 8.77068544921875
12.96 13.1072616210938
12.96 12.8369373046875
1.728 5.08893090820312
1.9008 5.01737431640625
2.7648 5.3175498046875
12.3552 11.944283203125
1.6416 4.80994848632812
11.7504 12.3948799804687
7.1712 8.7608900390625
1.728 5.0921841796875
5.0976 7.04659174804687
2.0736 5.59799912109375
5.7024 8.3891654296875
5.8752 7.70296025390625
11.232 9.8795126953125
4.2336 7.6924353515625
12.2688 12.2052928710938
8.5536 8.36142275390625
2.592 5.56859794921875
3.8016 6.30710727539063
13.9104 13.057875
8.208 9.18965830078125
12.4416 13.1522704101562
2.592 6.30080024414062
6.8256 8.35913056640625
9.2448 10.3838088867188
2.16 6.270802734375
2.2464 6.14743505859375
2.16 6.44522563476562
10.1952 10.1941927734375
2.4192 5.62410747070312
6.048 8.30139697265625
1.8144 6.21116586914062
12.8736 12.5809250976562
12.7008 12.5248930664062
2.16 5.95586162109375
2.592 6.76866752929687
5.2704 7.86090673828125
8.4672 9.96883857421875
12.4416 12.5459165039063
4.4928 7.44140478515625
12.3552 12.15155390625
10.7136 10.5149109375
6.48 9.55551005859375
12.7008 13.4839001953125
12.096 13.474142578125
12.4416 12.8191086914062
4.0608 7.43054326171875
10.0224 10.9148704101562
10.5408 12.935752734375
12.528 12.9980548828125
11.7504 12.2129384765625
11.8368 13.6202818359375
4.0608 6.54122416992187
6.48 9.01872421875
5.9616 11.48219296875
2.0736 5.18066147460937
11.232 10.9973654296875
2.3328 5.35555283203125
4.2336 7.09766850585937
12.2688 13.197786328125
6.8256 10.8972483398437
12.96 13.14377578125
11.4048 12.0401991210937
13.3056 12.6514125
10.4544 11.3166799804688
2.0736 5.58378017578125
9.3312 10.0602861328125
11.232 10.2855366210937
9.8496 11.1902545898438
10.6272 10.7186791992187
12.8736 13.1030323242188
11.7504 12.2811873046875
2.16 5.81605048828125
6.3936 9.20803095703125
10.4544 10.3212228515625
12.7008 13.1291833007812
10.368 10.53947109375
12.96 13.0147145507812
2.7648 5.38370375976563
12.096 12.949421484375
6.8256 9.1395298828125
9.5904 10.0672171875
4.752 6.76881826171875
12.096 13.183379296875
10.7136 10.97577421875
7.776 6.67401459960938
5.3568 7.15980014648437
13.392 12.992396484375
8.208 7.17067177734375
12.528 12.9553391601562
12.1824 12.094569140625
3.7152 7.1212078125
3.7152 6.56850102539063
4.752 6.92757377929687
3.3696 6.53371127929687
2.9376 5.75953637695312
7.1712 8.33034462890625
6.3936 7.86625400390625
5.616 7.86654228515625
7.5168 9.1077662109375
12.4416 12.2972044921875
2.0736 5.30629013671875
2.4192 5.2910859375
11.8368 12.3436212890625
6.7392 9.12091904296875
12.4416 13.1349999023438
2.2464 5.50600620117187
9.7632 10.5599557617187
10.368 11.0150340820312
6.8256 9.1772455078125
5.616 8.070711328125
8.0352 9.32778544921875
11.5776 10.5878443359375
2.592 6.1634373046875
8.64 10.3209046875
5.184 8.8522875
12.7872 12.6034514648437
11.1456 12.3029903320312
1.728 5.49178637695312
2.7648 6.03743950195312
5.0112 8.09160029296875
10.1952 10.9329635742187
11.4912 12.2162299804687
2.8512 5.57588803710938
12.2688 12.178747265625
11.1456 11.0855408203125
9.1584 9.9553904296875
4.4064 7.71951796875
7.9488 9.51317841796875
1.728 5.5984166015625
1.9872 5.32550478515625
11.8368 12.2285162109375
2.592 5.96214052734375
2.592 6.01204306640625
7.776 9.680002734375
12.2688 12.1179752929687
1.6416 5.64309052734375
7.776 9.81564609375
12.528 12.7248583007812
12.96 13.452106640625
7.5168 9.31373701171875
12.0096 12.4907115234375
11.8368 11.9833875
2.9376 6.30954931640625
11.1456 12.0491015625
2.7648 5.51764116210938
4.4064 6.78915703125
4.1472 6.16858813476563
5.184 7.69151162109375
5.0112 7.10617412109375
5.3568 7.56582099609375
5.7024 7.458809765625
8.3808 10.6454434570313
9.7632 9.88350908203125
3.1104 5.18733544921875
4.752 8.13431865234375
4.8384 6.63064541015625
8.7264 10.4391166992187
4.4928 6.91331352539062
8.1216 10.9482064453125
4.9248 6.04497524414063
7.8624 10.6143916992187
6.5664 8.79662373046875
5.5296 7.9408564453125
5.9616 7.04690771484375
6.5664 8.08265830078125
5.184 7.22221083984375
8.7264 7.0882294921875
6.9984 8.29684599609375
5.9616 7.9516494140625
6.5664 7.680357421875
8.5536 9.80746962890625
5.7024 7.8672849609375
5.2704 8.00030390625
7.344 8.1300498046875
6.6528 8.5250671875
9.2448 10.9419099609375
6.1344 8.2465646484375
4.4928 6.40105092773438
5.2704 6.59748295898437
5.616 6.3590009765625
6.8256 8.09609150390625
3.888 5.67516840820312
12.2688 12.107893359375
5.2704 7.01916328125
2.16 5.44090166015625
3.6288 6.45652221679688
2.592 6.72264272460937
6.2208 7.44379365234375
9.5904 10.6131559570312
2.6784 5.81039252929687
1.296 5.58033881835938
2.0736 5.48272265625
3.888 6.5711583984375
9.3312 9.95656904296875
3.1104 6.00019584960937
6.048 8.0933625
4.9248 6.79720649414062
3.888 7.1447220703125
3.6288 6.942687890625
5.0976 7.8866103515625
1.6416 5.61817529296875
2.9376 5.22953701171875
11.3184 11.3915091796875
3.2832 5.79819858398437
1.728 5.68090502929688
4.0608 7.03914565429687
11.4912 11.8696051757812
1.9872 5.677526953125
4.5792 7.22443271484375
6.048 8.26652724609375
9.072 10.6598830078125
4.1472 7.15108798828125
7.776 9.2029552734375
5.7024 7.7595416015625
2.4192 5.66637978515625
5.4432 8.14588330078125
3.6288 5.89443881835937
11.7504 12.1567122070312
4.9248 6.99854501953125
1.728 6.27798251953125
9.5904 11.3682243164063
8.208 10.7108129882812
14.1696 10.8633190429687
11.232 11.4478532226562
4.32 7.25708012695312
4.0608 6.0055576171875
6.6528 9.3611953125
9.2448 10.4311344726563
12.4416 11.9455901367187
9.2448 11.17519453125
3.024 6.11693349609375
3.1104 6.88927719726563
11.1456 10.4027915039062
5.0976 6.1905251953125
5.0976 6.27185346679688
4.32 6.08473432617187
4.4064 6.77154858398437
3.1968 6.43229165039063
8.64 10.341917578125
12.1824 11.9363915039063
7.0848 8.5354787109375
9.2448 7.5349248046875
8.8128 7.17621635742187
13.1328 12.8120853515625
9.4176 7.34040219726562
12.7872 12.979065234375
12.1824 12.0495383789063
4.752 8.19533671875
9.8496 6.23513803710938
10.8 9.88863662109375
13.1328 13.2862157226562
12.7872 12.79339453125
4.4928 6.71607509765625
4.5792 6.83044716796875
9.936 9.27753310546875
12.6144 11.4779452148437
4.2336 6.79371328125
13.7376 13.0839591796875
10.4544 10.4194142578125
4.6656 7.42488486328125
5.7888 6.7857275390625
7.776 9.19923486328125
10.6272 9.7602240234375
10.2816 10.0034288085937
3.5424 6.18153486328125
5.7024 7.939508203125
3.9744 5.94620991210938
3.5424 5.87078833007812
4.752 6.69389106445312
11.5776 11.6111118164063
1.9872 5.93017294921875
8.0352 10.6707005859375
4.5792 6.22358173828125
4.1472 6.55133159179687
4.9248 6.4607765625
3.456 6.39174946289062
3.1968 6.31350659179687
4.6656 6.33709379882812
10.368 10.4046284179688
14.3424 12.6119170898438
13.3056 13.679775
10.4544 10.4264604492187
11.8368 12.3157151367187
11.664 11.8724791992188
7.9488 9.66902080078125
11.4912 11.9986154296875
6.6528 7.611556640625
13.5648 12.6845428710938
10.8 10.9285725585937
10.1088 10.8220939453125
13.1328 13.2697344726562
13.6512 12.8018926757813
9.2448 10.2853538085937
10.8864 10.8353592773438
10.1952 12.6616754882812
12.4416 12.8527611328125
13.3056 12.5930030273437
12.2688 13.421401171875
6.912 8.51967158203125
8.4672 10.4348619140625
14.0832 12.629991796875
7.776 9.19826279296875
11.232 10.8765984375
3.5424 6.36026044921875
3.8016 6.3359244140625
6.912 10.7594340820312
13.3056 13.3662823242187
12.6144 12.6702500976563
13.0464 12.44001796875
10.368 11.0664360351562
9.504 10.591337109375
9.3312 9.82301044921875
11.232 10.6215169921875
10.6272 11.16095625
11.4048 10.9377966796875
12.8736 13.1056989257812
12.3552 12.4674670898437
10.0224 10.195829296875
4.2336 7.42564423828125
10.6272 10.6878533203125
13.0464 12.606141796875
10.1088 10.538128125
12.8736 12.7307364257813
3.9744 6.49625493164062
12.1824 12.6499271484375
10.4544 10.2749475585937
10.9728 9.73894130859375
8.5536 8.99920986328125
10.6272 12.9998021484375
10.6272 11.0156229492188
5.616 7.0641615234375
4.9248 6.52921567382812
12.096 12.8825912109375
3.6288 6.8710447265625
6.1344 6.26506040039062
7.6896 8.705858203125
5.0112 5.97194165039063
8.0352 8.4880458984375
4.6656 7.20813515625
10.8 10.4875866210937
12.4416 11.6151908203125
5.616 7.7401388671875
5.3568 7.72560263671875
13.5648 12.9512768554688
6.48 10.7332646484375
12.1824 12.9995094726562
5.2704 7.3299392578125
10.1952 10.6218140625
10.2816 11.0201071289063
10.4544 10.4914133789063
10.8 10.531430859375
10.6272 10.5370602539062
11.664 10.8060987304687
10.7136 10.4365344726563
10.8 10.3967560546875
6.2208 9.4921505859375
12.7872 12.3168155273437
12.4416 12.1088452148438
6.5664 8.710519921875
10.9728 10.6411921875
9.936 10.6188741210938
10.5408 10.9237895507812
12.4416 12.2532345703125
3.3696 6.57091669921875
12.2688 11.5942631835937
11.0592 11.0812262695312
10.4544 10.3161524414062
8.1216 9.4707052734375
10.368 9.9594966796875
10.4544 10.6332064453125
9.6768 10.4851845703125
13.4784 12.3958107421875
7.8624 9.756791015625
7.8624 9.6577453125
10.7136 10.4021525390625
13.9104 13.0770333984375
7.2576 10.7638400390625
6.3072 7.701753515625
4.32 7.09292856445312
13.4784 11.5341380859375
4.0608 6.7081904296875
3.8016 7.018906640625
3.7152 5.93304038085938
7.6896 8.46925400390625
4.0608 8.4408451171875
9.4176 10.1097158203125
10.368 12.2294557617188
13.1328 12.1154475585938
6.7392 9.0554080078125
4.0608 6.205601953125
10.1952 10.0274124023437
6.912 9.16583203125
6.9984 9.7153048828125
5.7024 7.97219208984375
5.616 7.63273037109375
11.1456 12.049006640625
5.3568 7.0020140625
6.8256 9.40237119140625
3.6288 6.81402788085938
11.4912 10.8964415039062
6.48 8.39997685546875
13.5648 9.15991171875
4.32 6.4596744140625
10.4544 10.5354342773438
3.5424 6.36648793945312
10.5408 10.0417579101562
5.7024 7.4045794921875
8.64 11.12826796875
3.8016 5.40638393554687
2.8512 6.35750024414062
7.344 7.65703388671875
11.0592 10.9517686523438
6.6528 6.60932314453125
10.8 11.6431127929688
6.6528 7.8829646484375
10.1952 11.355908203125
4.752 6.35989306640625
6.9984 8.45801455078125
8.64 10.7108859375
6.8256 9.65859169921875
6.1344 7.87056943359375
8.2944 8.88281806640625
8.7264 9.65986787109375
11.8368 11.910420703125
3.3696 5.7574669921875
6.3072 7.03822719726563
11.1456 12.0620399414062
4.9248 8.21157626953125
2.3328 12.7999362304688
2.7648 5.63607114257812
7.8624 9.38195947265625
5.5296 8.82799892578125
5.184 7.33103129882813
6.048 9.09061787109375
8.208 9.39254326171875
7.0848 9.0785390625
5.8752 8.3580345703125
10.1952 10.00768359375
2.2464 6.77613823242188
10.8 12.03546796875
11.7504 12.1907715820312
2.6784 5.6939677734375
3.9744 6.82182026367188
4.5792 6.42493740234375
6.48 9.03995859375
11.232 12.1517173828125
5.2704 5.51757172851562
11.664 12.1890875976563
5.8752 7.097937890625
4.752 6.80783642578125
2.9376 6.28318037109375
4.752 6.47367583007812
4.4064 8.67427646484375
5.184 7.38170244140625
11.664 12.946921875
2.8512 6.56300478515625
4.1472 7.32082192382812
10.1088 10.2873796875
12.528 12.5308801757812
4.1472 7.6761703125
9.936 10.2495682617187
10.7136 12.25972265625
7.776 10.1542412109375
9.072 9.5995458984375
10.7136 10.6798157226562
6.1344 8.528684765625
4.752 8.0055685546875
6.912 8.41030927734375
4.8384 7.13111967773437
10.368 11.0551552734375
6.7392 9.3384966796875
6.7392 8.99908681640625
9.1584 11.1300556640625
9.936 12.1190888671875
13.1328 12.7484938476562
4.1472 7.11920830078125
6.8256 7.1235298828125
7.776 11.7598658203125
11.3184 12.9240395507813
9.5904 11.1744606445312
7.5168 8.8959796875
1.9872 3.84518540039062
4.9248 7.2132169921875
2.0736 5.15411147460938
3.5424 5.06083315429687
1.3824 5.08503999023437
4.32 7.2444515625
3.8016 7.10437016601562
3.1968 6.01788911132812
5.8752 10.3286390625
5.7888 8.388643359375
8.7264 6.9904986328125
4.32 7.5174275390625
3.1104 6.96262236328125
8.3808 7.8743724609375
3.024 6.66042890625
2.592 6.26492153320312
8.1216 9.83230751953125
6.5664 6.96288471679688
3.7152 6.48149194335937
1.4688 4.32857592773437
4.9248 8.2418115234375
4.8384 7.11738588867187
6.1344 8.32064501953125
3.6288 6.93360483398437
7.0848 8.10890244140625
3.6288 6.44248959960937
9.7632 11.9037805664062
5.7024 8.6437423828125
4.4928 7.395380859375
6.3072 9.0997927734375
2.9376 6.10344755859375
3.1104 6.21877236328125
4.0608 7.058991796875
4.752 7.26772939453125
2.2464 6.08990405273437
5.9616 8.626461328125
3.5424 7.10917338867187
10.1088 11.4173481445312
4.4928 7.54122919921875
5.0976 8.83910302734375
5.184 8.09756279296875
10.1952 12.0177360351563
4.4928 7.20616772460937
4.0608 7.31436459960937
2.2464 5.29302260742188
3.456 5.86236489257812
6.48 8.4503478515625
1.0368 4.48631850585937
3.1104 6.7739783203125
7.0848 9.362021484375
4.752 7.56141064453125
4.5792 6.68555903320313
8.1216 9.7721103515625
5.616 8.5812169921875
5.3568 8.73742763671875
3.1968 5.81663759765625
3.1968 7.62397294921875
13.6512 10.977795703125
10.1088 12.3708647460937
4.1472 6.72069814453125
4.9248 7.8081591796875
0.864 5.63711396484375
3.9744 9.2032541015625
9.4176 12.206295703125
3.024 4.95839267578125
6.1344 8.00169345703125
4.5792 7.72846259765625
11.1456 9.38240771484375
3.1968 5.89825151367187
4.32 7.03822939453125
2.8512 5.50435649414062
7.5168 7.79732666015625
5.184 8.80231552734375
3.2832 6.37881108398437
8.5536 11.7708802734375
1.3824 5.11674609375
5.4432 9.31309716796875
2.6784 6.23213349609375
5.2704 7.47686953125
3.456 6.76646235351562
5.184 8.11531318359375
5.184 8.31261357421875
4.8384 7.6835671875
4.4928 6.62174868164063
3.8016 7.52310087890625
3.3696 6.66175166015625
6.1344 8.89704931640625
4.32 7.08382485351563
8.4672 9.2915525390625
1.1232 4.75292021484375
1.9008 5.10165659179687
3.8016 6.7700953125
4.2336 6.22313569335937
3.1104 5.16111328125
2.6784 6.56455122070312
3.1968 6.28468637695312
4.32 6.45805415039063
5.4432 8.5250619140625
3.1968 4.97276411132813
3.3696 5.5502525390625
1.728 4.970555859375
8.0352 8.61641982421875
9.1584 9.35263564453125
4.752 7.33171904296875
7.6032 9.382440234375
7.1712 7.24131474609375
4.0608 6.71436958007812
5.616 7.81562021484375
9.1584 10.2380000976562
6.1344 8.14550537109375
1.2096 6.1733794921875
4.752 7.27831186523438
6.2208 7.9735833984375
6.048 8.023545703125
6.3936 9.08186572265625
6.048 8.28657333984375
5.7024 7.69006845703125
5.8752 8.52370400390625
6.048 8.29160068359375
5.7888 7.698413671875
4.4064 8.14464140625
2.5056 5.81208486328125
5.5296 8.97343857421875
5.7888 7.926271875
6.3072 7.80956630859375
5.7024 7.52896494140625
6.6528 9.12034775390625
4.1472 7.109609765625
6.48 7.53473759765625
8.64 9.159458203125
5.616 8.23057822265625
3.8016 7.35687333984375
5.7024 8.00905078125
2.592 4.73893110351562
2.8512 6.14050180664062
6.8256 7.48737158203125
4.5792 6.97093989257812
3.5424 6.64224741210937
3.2832 7.07299057617187
0.432 3.5700380859375
3.2832 5.9967298828125
4.752 5.81046328125
2.3328 5.23222338867187
2.8512 5.56623984375
4.8384 7.72777265625
4.752 7.23996254882812
2.592 5.54506215820312
2.9376 5.7215302734375
1.6416 3.46732229003906
2.6784 4.94281889648437
4.6656 8.3269125
2.8512 6.0484974609375
4.32 5.92974887695313
0.864 4.5662080078125
4.4064 7.6312880859375
1.9872 4.8694693359375
5.616 8.317824609375
0.6912 4.27984716796875
3.3696 6.2448380859375
2.16 5.60623095703125
2.7648 5.149360546875
3.3696 6.53903305664062
1.296 4.984425
2.16 4.8627685546875
2.592 5.99988647460937
1.3824 3.99123325195312
6.1344 9.3018533203125
1.2096 4.53750908203125
4.1472 5.6991515625
0.6048 3.95849047851562
5.0976 8.8505384765625
5.7024 7.8103599609375
2.7648 5.32847373046875
1.9008 7.01190043945313
2.6784 5.69390053710937
6.048 5.87086215820313
7.6896 7.95010517578125
0.6048 4.30110571289062
7.6032 5.5520578125
2.3328 5.6408009765625
1.296 5.51021879882812
3.456 7.29610356445312
2.3328 6.300319921875
3.9744 6.29318671875
4.4064 6.57755024414062
4.2336 6.4702265625
5.3568 6.97759541015625
6.1344 8.55418447265625
2.592 5.64156650390625
9.504 8.91582275390625
2.0736 5.61588134765625
3.7152 5.9870337890625
4.752 6.76234116210937
4.2336 7.36927426757812
0.7776 4.88192124023437
2.7648 5.66789326171875
6.2208 9.3463224609375
2.7648 6.19083940429687
5.3568 8.24966982421875
5.7024 8.082868359375
6.1344 7.73797060546875
3.8016 6.15593627929688
4.9248 6.96284252929687
8.208 8.8137439453125
4.6656 7.9032814453125
0.7776 4.06171186523437
4.4064 6.32105288085937
3.024 6.2043310546875
3.456 6.80258452148438
5.9616 8.55517060546875
5.9616 8.852783203125
3.888 6.56125576171875
3.024 6.35013720703125
3.456 6.96356982421875
3.5424 6.60486489257813
6.1344 8.84529404296875
5.2704 7.7989833984375
7.9488 9.45146162109375
3.9744 6.4440140625
2.2464 4.95872666015625
5.3568 7.54853115234375
3.1968 6.48388432617188
3.024 6.50036206054688
7.2576 8.85607119140625
4.0608 6.38488212890625
1.6416 5.34352236328125
6.5664 8.7073576171875
0.6912 3.74077836914062
2.9376 5.63392661132812
7.4304 7.63135224609375
0.6048 4.36133056640625
1.8144 5.35927631835937
3.2832 6.047532421875
5.184 7.4275892578125
2.6784 5.64487075195312
4.4928 6.09900600585937
3.5424 6.333106640625
0.864 4.13828173828125
2.2464 5.14722744140625
6.8256 8.04934599609375
4.1472 6.20363627929687
8.4672 7.58019990234375
1.8144 5.39214169921875
4.4064 6.44014643554687
3.5424 6.85629580078125
4.1472 6.67523276367187
1.5552 4.40603525390625
4.2336 7.37836083984375
1.2096 4.32269296875
3.9744 6.18560947265625
0.7776 4.70519912109375
3.8016 5.04128540039062
1.8144 4.93009672851562
2.6784 5.10272622070312
4.9248 9.25196220703125
4.8384 5.8941421875
5.2704 5.786518359375
5.184 6.49705913085938
0.7776 4.21995102539062
4.0608 5.3580146484375
1.5552 4.17111547851562
1.4688 4.5939884765625
5.7024 8.7466587890625
4.2336 5.30693481445312
5.3568 7.04967275390625
1.296 4.31327592773437
1.9872 4.38522275390625
4.2336 6.8169990234375
3.7152 6.46239946289062
3.5424 5.59841967773438
3.1968 5.12461669921875
3.888 6.477669140625
9.936 11.795101171875
4.9248 7.714536328125
6.48 5.79695229492187
2.9376 6.596651953125
1.296 4.3119228515625
4.0608 7.307300390625
6.1344 7.4968962890625
6.912 7.00841381835937
3.9744 6.58339409179688
5.7024 8.029423828125
2.8512 6.17932309570312
3.024 5.90748002929687
3.2832 6.264284765625
3.2832 5.72499140625
5.3568 8.233794140625
6.1344 7.3534974609375
6.5664 8.078164453125
7.0848 7.54626357421875
4.4928 6.58046821289062
8.7264 8.5427525390625
4.4064 6.3369650390625
5.7888 7.9916501953125
6.048 8.33955029296875
9.5904 11.216953125
2.7648 6.00732641601562
5.9616 6.32460849609375
1.2096 4.5740671875
1.9008 4.18876127929687
5.7888 7.16252124023437
0.6912 4.40070424804687
1.728 4.37600830078125
5.184 8.072201953125
3.2832 7.3824451171875
2.9376 5.12702358398437
12.7008 10.93150546875
2.6784 4.71297348632813
2.4192 6.60448872070312
1.9872 4.712136328125
2.5056 4.15142666015625
10.6272 9.8342015625
9.072 8.89561494140625
3.1104 6.6209607421875
2.7648 5.327173828125
0.6048 4.80467768554688
5.8752 8.16735673828125
10.1088 10.4654293945312
1.8144 5.20883349609375
3.1968 6.50044819335938
4.6656 8.791583203125
2.8512 5.44559018554687
3.8016 5.84781899414063
3.888 5.42063803710937
4.5792 6.57546635742187
4.9248 5.01477890625
2.6784 5.66515239257812
1.9872 3.7843224609375
9.6768 10.7642671875
1.296 4.33071254882813
2.6784 5.72644599609375
7.4304 8.4804240234375
2.4192 5.14050029296875
1.3824 4.17700502929687
0.864 4.34999399414062
2.2464 4.630208203125
2.2464 4.88380122070313
8.2944 9.73336376953125
3.2832 4.71771079101562
1.9872 4.58604887695313
1.4688 4.02442426757812
5.0112 8.49130400390625
6.7392 6.83756806640625
6.9984 8.5605380859375
4.6656 5.95858271484375
3.024 4.5601962890625
3.7152 5.04154643554687
6.1344 7.603105078125
3.1968 5.870330859375
6.7392 8.1423509765625
6.2208 6.499508203125
4.6656 5.53323779296875
1.296 4.50690249023438
1.5552 4.1177830078125
4.5792 6.81335200195312
4.4064 6.50785122070312
3.024 7.22635620117187
2.7648 6.98198422851562
8.5536 10.5239583984375
3.6288 7.06349750976563
0.6048 5.59189291992188
4.4928 6.57320537109375
5.2704 7.70707265625
3.7152 4.45906713867187
4.2336 6.81619350585938
3.9744 6.80324106445312
4.1472 6.23231982421875
2.6784 5.28761469726563
4.4064 6.70492573242187
2.2464 4.65052807617187
1.8144 3.94497685546875
2.0736 5.94066137695313
2.0736 4.73470048828125
1.5552 4.00714760742188
2.8512 5.76798969726562
3.888 6.50210844726563
3.6288 6.230612109375
5.2704 6.99952456054687
4.6656 6.090662109375
2.3328 5.03121884765625
1.8144 5.35511206054688
2.3328 4.8621251953125
1.728 3.66739760742187
5.8752 6.39827314453125
5.2704 7.6374333984375
1.8144 5.04906459960938
1.4688 3.68973500976562
1.3824 3.16601674804688
4.2336 7.96041298828125
3.456 6.30973344726563
2.3328 4.971266015625
5.0112 6.3791314453125
2.5056 4.825248046875
5.7024 7.57264921875
2.16 4.83361040039062
5.0976 8.200775390625
3.9744 5.78647705078125
5.0112 8.38227392578125
1.5552 4.49829536132812
1.9008 3.23129465332031
3.5424 5.70005947265625
1.0368 4.583717578125
2.6784 5.37063354492187
6.3936 6.215579296875
2.16 4.918303125
2.4192 4.5288791015625
1.8144 4.89667895507812
4.0608 6.24332548828125
9.504 6.31533823242188
4.8384 7.42262255859375
1.728 3.87087670898437
5.8752 6.64266928710938
9.6768 10.3818401367188
4.0608 3.9756216796875
2.8512 3.43117111816406
1.9872 5.57400893554687
1.4688 3.32474194335938
3.888 5.6258876953125
1.4688 3.21058520507812
1.0368 3.96705146484375
2.3328 4.53458583984375
3.1968 5.63340805664062
5.8752 9.9079716796875
6.3072 6.34301586914062
5.3568 5.82047973632812
3.8016 5.00130571289063
10.6272 10.4406389648437
11.9232 6.23784770507813
9.936 10.422703125
11.8368 12.28980234375
8.0352 9.2849291015625
4.752 6.70884653320312
4.32 6.7559783203125
5.7024 7.41785361328125
7.9488 7.7733580078125
6.9984 8.9579619140625
2.9376 6.291594140625
8.1216 4.47309228515625
4.1472 4.30595903320313
4.4064 6.94362216796875
5.3568 5.88564624023437
5.184 6.45098071289063
2.3328 5.77348637695312
1.296 4.78240971679687
4.0608 5.76009799804687
2.16 5.14224711914062
4.1472 5.30688735351562
3.3696 5.64035009765625
3.888 6.64152758789063
2.16 4.50525498046875
2.5056 4.37732885742188
3.2832 6.53204838867187
3.5424 5.02844985351562
2.592 5.60855478515625
2.2464 6.15548891601563
3.1968 5.37537084960938
3.1104 6.48782666015625
5.8752 7.01700776367187
3.5424 5.9172697265625
3.024 5.577834375
1.728 4.42278852539062
5.2704 7.70744443359375
7.5168 5.47751645507813
3.1104 6.03889013671875
2.16 5.051035546875
2.592 5.09665034179687
2.16 4.38830859375
3.7152 5.3535216796875
4.1472 4.72604150390625
6.3936 7.755978515625
3.6288 6.80722294921875
3.9744 5.57200766601563
3.2832 5.65862958984375
6.5664 7.89989853515625
3.8016 8.25390615234375
10.6272 10.1870551757812
7.8624 9.2956166015625
5.9616 7.3353392578125
10.5408 11.7189852539062
5.3568 7.04997333984375
7.0848 8.69919521484375
10.5408 11.9276208984375
11.7504 11.5873646484375
9.936 10.6761208007813
9.504 10.7003715820313
9.4176 9.90436376953125
5.0112 7.15830029296875
5.0976 7.3620966796875
7.9488 10.6221849609375
9.5904 10.0423063476563
7.344 10.1616336914062
10.1088 10.0630142578125
10.5408 11.6937711914062
10.1952 10.8061444335937
5.8752 7.7345982421875
7.5168 8.57326552734375
9.1584 10.1868969726562
11.664 9.82414072265625
8.9856 9.43693330078125
10.7136 11.0742249023437
10.8 10.326652734375
9.4176 11.2407328125
8.2944 9.13037431640625
6.2208 7.5264890625
10.2816 10.4863359375
9.6768 11.7963580078125
9.4176 10.1962353515625
5.7888 4.81225517578125
6.5664 6.38668916015625
10.0224 9.90089736328125
5.0112 4.31489794921875
10.8 11.3340049804687
8.64 9.14066103515625
6.48 8.26742197265625
7.2576 5.39684296875
7.8624 8.31620302734375
11.0592 10.4407119140625
7.344 9.81012744140625
7.8624 8.33239423828125
4.6656 6.89064609375
7.4304 9.56665634765625
4.5792 6.11677485351562
11.232 12.3401258789062
7.1712 9.5981484375
8.9856 12.1022481445313
4.0608 8.19279052734375
9.1584 9.00217529296875
8.1216 10.2062944335937
8.3808 8.8440662109375
8.0352 9.36485947265625
8.3808 9.51065859375
10.2816 10.0594283203125
6.8256 7.024721484375
10.4544 8.929873828125
5.184 8.0019720703125
8.8992 9.43740703125
9.504 11.5364197265625
7.6032 9.32650576171875
6.7392 7.6484935546875
8.1216 9.86758857421875
8.5536 9.7211478515625
5.4432 11.5751540039062
6.048 8.41239755859375
11.4048 11.6489856445312
9.1584 10.5104953125
9.2448 9.6801556640625
7.0848 8.511721875
9.3312 9.45784599609375
7.1712 7.46688515625
6.6528 8.36877216796875
10.2816 9.33493974609375
6.9984 9.03827197265625
6.6528 9.34754765625
8.4672 9.58176650390625
10.4544 11.0514295898437
7.2576 9.20941962890625
8.5536 9.21782724609375
8.8992 10.8865828125
11.7504 12.376747265625
8.8992 9.590973046875
8.8128 10.855603125
7.8624 9.662709375
8.7264 9.6274740234375
7.5168 9.0837369140625
8.8992 10.3680325195312
12.096 12.3828741210937
9.5904 10.0933365234375
7.6032 9.3129205078125
10.4544 11.1310936523438
10.368 11.7040640625
12.3552 12.4716418945312
8.3808 9.6032759765625
8.7264 10.007462109375
7.9488 10.8356334960937
10.4544 11.42124609375
11.3184 11.7574672851562
9.7632 11.0504258789062
5.4432 8.3709333984375
5.8752 8.37985166015625
12.3552 11.6393598632812
3.1104 5.81897592773437
10.4544 11.5812325195312
9.7632 10.352703515625
8.2944 10.0356328125
2.3328 5.4466294921875
1.9872 5.32117485351562
9.4176 9.9947654296875
9.6768 10.5747424804687
3.888 6.61838422851562
4.5792 5.42985512695313
8.64 7.2690064453125
5.7024 7.498859765625
6.7392 4.89234111328125
9.936 12.4956896484375
5.7888 8.80930546875
9.3312 10.97906484375
7.4304 5.72843012695312
2.2464 5.458707421875
8.8992 11.0529624023438
4.6656 7.7844708984375
8.8992 10.4119795898437
9.072 10.3104747070313
10.4544 10.3204450195312
9.5904 6.94435737304687
9.2448 10.457096484375
12.8736 12.9634708007813
2.2464 5.59442856445312
8.4672 10.3076657226562
10.8 10.9131416015625
8.1216 9.3625400390625
2.2464 5.4728279296875
2.592 5.76122563476562
7.5168 8.48285244140625
11.5776 11.2564819335937
3.2832 6.26608828125
6.8256 8.18235087890625
12.3552 12.4573614257812
4.8384 7.22525053710937
4.4064 7.34959028320313
3.6288 6.19112768554688
12.7872 13.0394126953125
5.7024 7.7913720703125
2.7648 5.79028579101562
9.7632 10.8446264648437
10.368 11.393201953125
2.7648 5.69033041992187
8.7264 10.6284331054687
6.3936 8.98645693359375
4.2336 6.88857143554687
6.6528 8.82400517578125
5.616 7.730356640625
9.936 10.574799609375
12.7008 12.7487926757812
4.4928 7.4863458984375
3.456 7.2109564453125
11.4912 12.3585345703125
7.9488 8.8964841796875
12.96 12.5884907226562
3.1104 6.18219624023437
5.7024 8.10573134765625
5.184 9.6462615234375
11.0592 12.1941817382812
12.4416 12.5660232421875
11.0592 11.7919423828125
8.3808 11.0443596679688
1.728 5.63449702148437
13.3056 12.0107153320312
8.9856 10.0156658203125
3.888 6.77419497070312
10.7136 11.4119200195312
2.8512 6.22507763671875
10.1952 9.978521484375
11.8368 12.476503125
7.8624 8.3019357421875
0.0864 10.6474869140625
4.4928 7.15985112304687
8.8128 9.6486609375
2.0736 5.24749482421875
6.1344 8.61083876953125
4.4928 7.5851525390625
4.752 7.88656552734375
7.4304 8.35733056640625
12.2688 12.0412081054687
11.4912 12.0314548828125
6.9984 8.33076474609375
9.8496 11.7023141601563
4.4064 7.5664142578125
9.1584 9.6470806640625
3.456 6.48685458984375
10.1088 11.9478383789062
7.6032 9.10710087890625
7.6032 9.649135546875
5.616 6.93190502929687
1.2096 6.14014497070313
5.0112 6.91099057617187
6.6528 9.85396904296875
6.6528 9.38700439453125
6.1344 8.43856435546875
6.48 8.46893056640625
9.504 9.33378837890625
5.616 8.4970669921875
3.1968 5.76038452148437
10.8 9.6636673828125
6.3072 6.2652796875
7.0848 9.20780947265625
9.4176 9.9935859375
12.528 12.8378329101562
3.9744 7.34712495117187
8.0352 12.5111206054687
7.6032 8.91018369140625
3.3696 6.40783959960937
3.6288 7.32424526367187
2.16 5.86178041992187
2.16 5.65826967773438
3.8016 6.1442701171875
4.5792 7.10167236328125
2.2464 5.7765884765625
3.3696 5.60118559570313
2.7648 6.20554174804687
9.8496 10.7035171875
4.32 12.0727186523437
4.4064 6.93917446289062
4.5792 6.78094497070312
3.2832 6.55247724609375
3.3696 6.62741015625
11.4048 11.848714453125
8.9856 11.0017907226562
10.2816 11.7480498046875
3.8016 7.23366782226562
2.0736 5.66782163085937
2.6784 5.77365073242188
1.8144 5.2908767578125
5.0976 7.93432353515625
10.4544 7.7381595703125
7.6032 9.673927734375
3.1104 6.69819946289063
3.8016 6.48016127929688
2.9376 4.65616318359375
7.0848 10.3687918945312
5.2704 7.02134780273437
3.7152 6.57606005859375
6.2208 8.27755400390625
6.7392 9.52337900390625
6.1344 8.6594115234375
4.0608 5.85469643554687
4.6656 6.53103764648437
7.8624 9.52640419921875
0 6.371954296875
4.6656 8.471689453125
6.1344 7.733605078125
4.6656 6.83373471679687
6.048 9.1072423828125
7.8624 9.5474689453125
3.888 6.42958681640625
5.4432 7.642972265625
4.32 6.54402436523437
8.208 11.1850400390625
3.5424 6.18082294921875
8.208 10.202073046875
8.8992 9.501721875
5.7888 8.1284115234375
5.616 8.703383203125
4.6656 7.09868540039063
4.2336 6.67845659179688
4.2336 6.35117651367187
5.4432 7.19125576171875
6.048 8.8903072265625
4.752 5.95056313476563
4.8384 6.84376875
4.2336 7.204313671875
3.888 6.43387192382813
6.3072 7.8054205078125
3.9744 5.31971103515625
10.0224 11.7959625
5.0112 7.532764453125
4.4928 6.44640336914062
4.1472 6.2978712890625
9.504 11.2318725585938
7.344 7.19843510742187
5.0976 8.37907646484375
10.9728 11.2391727539062
9.1584 11.6658395507813
9.1584 5.02591596679687
8.64 9.47556650390625
2.6784 6.0429322265625
4.752 7.94038359375
4.4928 7.14372670898438
3.888 7.8223482421875
1.4688 5.94465908203125
8.208 7.92173583984375
3.1968 6.28900751953125
6.7392 8.19946845703125
7.9488 10.4097735351562
5.616 8.307573046875
2.3328 10.8612228515625
3.1968 6.663434765625
4.2336 7.99605
4.1472 6.834884765625
6.9984 9.5052638671875
6.3936 8.900152734375
7.5168 9.32013984375
3.8016 6.10139926757812
6.8256 8.86876962890625
4.1472 8.0352685546875
2.9376 7.55439697265625
10.0224 11.717465625
4.32 8.55973212890625
3.7152 7.14926337890625
6.1344 7.97441484375
6.48 8.82404736328125
6.48 7.77221455078125
3.8016 7.14766728515625
6.1344 8.25053203125
6.6528 5.76213310546875
4.0608 6.50035590820313
7.1712 9.1510171875
4.4064 6.97463305664062
7.4304 9.0007470703125
6.3072 8.0563482421875
4.1472 6.72479384765625
5.7024 6.44635239257812
4.5792 7.31104541015625
3.9744 6.91517021484375
5.0112 7.54916396484375
6.9984 8.32386708984375
3.5424 6.95013310546875
5.616 7.5994294921875
7.2576 10.1604234375
2.7648 5.17578706054687
5.7024 8.7329548828125
2.16 4.47229951171875
10.1088 10.85645390625
3.7152 7.02013403320313
7.8624 9.8782259765625
9.3312 12.0859505859375
5.0112 7.0515966796875
6.48 7.7822103515625
3.888 6.71718823242187
5.3568 8.87129912109375
3.3696 7.430108203125
6.912 8.9752130859375
6.48 8.58901552734375
7.776 9.60366796875
5.9616 7.82891103515625
3.7152 6.39027026367187
2.4192 5.53967490234375
5.3568 7.28729560546875
7.0848 8.9314505859375
5.4432 8.11437890625
2.7648 6.24413583984375
5.184 7.7013052734375
1.9008 4.70505805664062
3.456 6.81826157226562
4.32 7.09795415039062
3.024 6.54986865234375
2.6784 5.50243168945312
5.4432 9.79881064453125
6.9984 9.53291337890625
8.8992 6.41707470703125
7.4304 6.40784047851562
6.8256 6.98079638671875
6.3936 6.5154990234375
3.3696 7.56732919921875
9.1584 10.0952850585937
4.9248 7.97294091796875
5.4432 5.60770532226563
4.4064 7.11619145507813
4.6656 8.807066015625
3.456 5.229840234375
3.6288 6.58513256835937
4.4928 7.11283139648438
2.2464 5.15205087890625
3.6288 6.23673676757813
1.5552 5.02426625976562
3.1968 6.72047797851562
1.9008 5.98045166015625
4.2336 7.00618798828125
3.024 6.39151655273437
2.5056 5.21889125976563
2.3328 6.52210444335937
2.592 6.268348828125
2.8512 6.50645068359375
5.3568 7.39980791015625
1.728 6.06111723632812
2.592 5.56645209960937
2.592 6.58503061523438
7.344 7.9873927734375
2.16 6.05669809570312
3.024 6.77162768554687
3.5424 6.87811420898437
2.8512 6.321853125
2.3328 5.43857958984375
4.6656 5.87480317382813
2.8512 5.97593979492187
2.2464 5.75044716796875
5.3568 6.15736010742187
3.3696 6.04516245117187
1.8144 6.4517572265625
4.8384 7.1457486328125
4.5792 6.49050688476563
3.7152 6.15128159179687
4.4928 6.94391879882812
3.9744 6.77712084960937
7.6896 8.39989423828125
2.7648 5.665728515625
7.8624 8.37359033203125
6.1344 7.8620748046875
2.6784 5.9245646484375
2.3328 5.74722861328125
8.8128 8.48579326171875
3.888 5.87922934570313
5.184 7.7538375
6.1344 7.503507421875
4.1472 5.6026951171875
2.2464 4.22612094726562
2.2464 5.79999462890625
6.5664 7.79692236328125
3.2832 5.4324439453125
2.8512 5.52464033203125
1.9872 4.45671958007812
3.8016 7.45096728515625
2.9376 6.07808715820312
1.728 6.1047509765625
2.8512 5.40578100585937
2.16 5.31668759765625
4.8384 7.25816206054687
5.3568 8.2558634765625
0 5.65195737304687
3.9744 7.09466484375
5.2704 8.249305078125
2.0736 5.30671420898438
5.7024 9.16636201171875
10.2816 8.43726708984375
3.888 6.59999443359375
3.7152 6.73982797851562
6.7392 8.006424609375
1.296 5.50527583007812
5.7888 8.563679296875
5.9616 7.33513623046875
4.0608 5.74995366210937
5.9616 5.44536342773437
2.2464 5.57479467773438
6.6528 7.51586484375
5.2704 6.77296362304687
4.4928 6.0466904296875
4.0608 6.29450947265625
6.2208 7.23171884765625
8.8128 9.07577314453125
4.5792 6.74846674804687
9.936 10.9828125
2.16 5.89276669921875
5.3568 7.26799174804687
5.616 7.28833403320312
4.1472 7.3534833984375
1.728 5.24067978515625
1.728 5.52937368164062
5.2704 6.41802436523438
2.8512 6.69567700195312
2.592 5.67701850585938
4.8384 7.36667182617188
2.592 4.1943779296875
5.184 6.9461296875
1.1232 5.82425068359375
2.592 5.97767739257812
4.1472 7.05910385742188
7.4304 9.28237060546875
2.3328 6.1574783203125
2.3328 6.35272778320313
2.9376 6.43124970703125
8.64 8.94977314453125
2.7648 6.35009501953125
5.5296 6.70224638671875
1.8144 6.21247456054687
5.616 9.3768380859375
2.592 5.87963979492188
4.32 7.15287788085937
5.2704 7.09618623046875
3.8016 6.71856196289063
5.3568 7.71085986328125
5.3568 7.93846669921875
5.3568 7.55270419921875
8.64 10.4087513671875
1.8144 5.45345024414063
2.0736 5.14168901367187
7.8624 10.1558381835937
6.3072 8.418188671875
10.4544 10.7344564453125
1.728 6.31839594726562
2.4192 5.56283891601562
3.7152 6.0996375
7.776 9.5100064453125
9.1584 10.8773094726563
7.1712 9.2043123046875
4.752 7.21531494140625
1.9872 5.87169184570312
9.936 11.3116271484375
5.2704 7.11348486328125
2.9376 5.78275927734375
5.4432 6.67583481445312
3.6288 7.49505234375
1.4688 5.18323842773438
6.48 9.16402236328125
8.7264 10.63550390625
3.1968 5.82645673828125
1.4688 5.2093037109375
3.9744 6.6608455078125
3.2832 6.41545620117187
4.1472 6.62093920898437
1.8144 5.539025390625
4.4064 7.7035236328125
5.616 7.290826171875
7.9488 10.0003166015625
10.6272 11.1251733398437
5.0112 7.73223837890625
6.8256 7.84438505859375
3.456 6.4146427734375
6.1344 8.52300791015625
1.9872 5.64269018554687
4.4928 7.10775307617187
5.0976 7.11134165039062
4.4064 6.70547373046875
1.1232 5.10623041992188
3.7152 7.13590444335938
6.3072 7.30176196289062
6.48 8.16678720703125
3.024 5.94898330078125
6.048 5.63271723632812
3.3696 5.90395385742187
2.5056 5.08069819335937
8.0352 9.735493359375
11.5776 11.184553125
7.8624 9.79121337890625
12.8736 12.3989185546875
5.3568 8.629414453125
6.9984 9.57329912109375
7.6896 8.76535400390625
7.8624 8.9348994140625
6.048 7.45525634765625
5.184 7.32318134765625
1.5552 5.76153940429688
6.9984 7.9110966796875
2.3328 4.9655267578125
4.752 6.592095703125
6.5664 7.04540390625
10.368 11.3993780273437
2.4192 5.9361521484375
6.912 8.911733203125
3.8016 6.1652408203125
1.6416 5.42507036132812
1.9872 5.297484375
1.9872 5.7789369140625
2.0736 5.88874965820312
1.6416 5.41399526367187
2.16 5.15354194335938
1.9008 6.0814845703125
3.1968 6.16439838867187
1.5552 5.83137641601563
3.9744 6.97977729492187
10.368 11.522141015625
2.0736 5.93525346679688
1.6416 5.73675336914062
2.0736 5.41855151367187
1.9872 6.116171484375
10.4544 11.2717845703125
6.1344 7.76701494140625
6.048 7.373998828125
1.9008 5.3699783203125
2.0736 5.80898452148437
1.6416 5.66313134765625
2.16 5.55298374023437
1.9872 5.85171123046875
4.4928 7.30365205078125
10.5408 11.4809633789062
2.4192 5.56097036132812
2.6784 6.41421870117188
3.456 7.22250659179687
10.0224 11.5591078125
4.32 7.50121171875
3.5424 6.86875649414062
2.8512 4.9373103515625
6.9984 8.6331796875
7.4304 8.860215234375
7.6896 7.75768359375
5.7024 7.48214296875
12.3552 12.3368686523437
11.8368 11.936450390625
7.9488 8.7939931640625
7.0848 8.466271875
8.4672 9.48234638671875
5.0976 5.49602358398437
5.184 6.99802470703125
8.1216 9.4094701171875
7.0848 8.455883203125
8.9856 10.0938489257813
10.6272 11.7999483398438
10.7136 11.3690548828125
7.6032 9.7144822265625
6.9984 9.03121875
6.48 9.17772451171875
8.64 10.4993622070313
4.32 7.56466875
9.1584 10.3994956054687
7.776 9.47442216796875
6.3072 9.733341796875
5.9616 5.584904296875
4.4064 6.510638671875
7.6032 9.38657900390625
6.048 10.8457233398437
6.912 9.014951953125
7.1712 4.54485893554688
4.4064 5.8726564453125
6.1344 7.85846162109375
5.184 5.70478227539062
9.2448 10.4871946289063
4.8384 7.84944228515625
5.7024 7.3180142578125
5.9616 3.82506020507812
7.6032 7.8561333984375
6.3072 8.8061396484375
5.2704 6.14585434570312
6.7392 9.05294619140625
6.5664 7.43624736328125
7.344 7.76012607421875
4.32 12.2042373046875
8.1216 9.195718359375
8.208 8.52403623046875
6.9984 8.74629755859375
6.3072 7.81486083984375
6.9984 8.61525439453125
7.4304 7.86729814453125
7.1712 9.13541044921875
6.8256 8.7952623046875
4.4064 7.38762451171875
6.5664 8.136073828125
5.5296 8.0035962890625
11.5776 11.6293904296875
8.208 8.98797919921875
8.0352 8.7671724609375
6.9984 7.93585634765625
6.1344 9.0389390625
11.3184 11.8820416992187
7.5168 9.7992439453125
11.4912 11.6195071289062
9.4176 9.088565625
4.8384 7.01647778320312
6.6528 8.16274775390625
5.2704 7.48543359375
8.1216 7.89038525390625
6.5664 8.072138671875
12.2688 12.4777828125
7.5168 9.40712080078125
7.2576 8.805005859375
5.8752 7.41674970703125
13.0464 12.649623046875
6.8256 8.46087890625
5.616 6.48528662109375
4.5792 7.926261328125
12.7872 12.6171536132812
4.9248 6.61872172851562
8.3808 9.48941279296875
6.1344 7.40126689453125
7.776 9.2340158203125
6.1344 7.2943962890625
6.2208 8.92720458984375
7.6896 9.98965107421875
12.3552 12.4172296875
7.1712 9.13176826171875
5.9616 6.5101728515625
9.2448 10.59702890625
12.96 12.4304932617188
7.4304 8.93286123046875
7.344 8.0238181640625
5.184 7.54950673828125
9.936 11.6228522460937
12.4416 11.8671125976563
11.232 11.1797033203125
7.4304 9.58084716796875
5.7888 8.201323828125
12.6144 11.2706885742187
7.776 9.56488974609375
8.208 9.1619947265625
8.0352 8.2674123046875
10.9728 11.601108984375
10.9728 8.616195703125
6.5664 8.1612404296875
8.0352 8.3388251953125
12.7872 12.5440787109375
