d_date k1 k2 delta_z delta_max_at delta_min_at delta_dewp
2003-02-20 1 1 0.837590398726863 -4.4 -1.9 -2.4
2003-02-21 1 1 0.837590398726863 -3.5 2.1 -3.2
2003-02-22 0.997124 0.99529 0.837590398726863 -4.1 2.7 -1.9
2003-02-23 0.988018 0.991273 0.837590398726863 -3.4 2.3 -3.9
2003-02-24 0.395311 0.434525 0.837590398726863 -4.3 -2.6 -4.3
2003-02-25 0.938697 0.879803 0.837590398726863 -4.5 1 -1
2003-02-26 0.846007 0.894158 0.837590398726863 -5.9 0.3 -3.2
2003-02-27 0.624448 0.868295 0.837590398726863 -7.5 0.3 -2.5
2003-02-28 0.927082 0.86795 0.837590398726863 -5 0.1 -3.8
2004-02-01 0.551862 0.414342 0.837590398726863 -3.9 -1.6 -4.4
2004-02-02 0.29075 0.500585 0.837590398726863 -3.9 -5 -4
2004-02-03 0.525853 0.580258 0.837590398726863 -6.5 -5.1 -5
2004-02-04 0.977059 0.955719 0.837590398726863 -4.4 -2.4 -3.8
2004-02-05 0.959367 0.953948 0.837590398726863 -2.8 1.2 -6.3
2004-02-06 0.674772 0.81983 0.837590398726863 -3.2 -1.4 -6.9
2004-02-07 0.987878 0.978369 0.837590398726863 -3.3 0.8 -2.7
2004-02-08 0.983837 0.985727 0.837590398726863 -4.9 1.1 -3.2
2004-02-09 0.985428 0.981855 0.837590398726863 -3.1 1.2 -4.8
2004-02-10 0.977488 0.960821 0.837590398726863 -3.1 1.5 -4.4
2004-02-11 0.979541 0.957823 0.837590398726863 -2 3 -3.4
2004-02-12 0.983421 0.955417 0.837590398726863 -0.9 4.4 -6.9
2004-02-13 0.559376 0.511028 0.837590398726863 0.2 1.1 -8
2004-02-14 0.92427 0.8784 0.837590398726863 -3.1 1 -6.3
2004-02-15 0.5911 0.570045 0.837590398726863 -1.9 -3.3 -4.6
2004-02-16 0.26019 0.325917 0.837590398726863 -3 -2.7 -2.6
2004-02-17 0.447473 0.376366 0.837590398726863 -1.5 -4.4 -7.1
2004-02-18 0.427255 0.900992 0.837590398726863 -8.2 -4.4 -4.6
2004-02-19 0.944691 0.955241 0.837590398726863 -3.5 -1.2 -3
2004-02-20 0.689586 0.785354 0.837590398726863 -5.3 -1.8 -4.1
2004-02-21 0.46969 0.506479 0.837590398726863 -6.6 -4.6 -4.3
2004-02-22 0.462555 0.544411 0.837590398726863 -5.9 -4.5 -4.2
2004-02-23 0.861119 0.908378 0.837590398726863 -4.3 -0.8 -3.3
2004-02-24 0.444034 0.854735 0.837590398726863 -6.9 -4.8 -3.9
2004-02-25 0.329524 0.427484 0.837590398726863 -4.3 -5 -4
2004-02-26 0.355563 0.698249 0.837590398726863 -8.1 -5.2 -5.3
2004-02-27 0.824559 0.959375 0.837590398726863 -5.3 -3.2 -4
2004-02-28 0.983706 0.950722 0.837590398726863 -3.7 -1.8 -5
2004-02-29 0.909332 0.920822 0.837590398726863 -3.6 -4.3 -4.2
2005-02-01 0.969237 0.989448 0.837590398726863 -0.6 2.8 -11.1
2005-02-02 0.96522 0.965762 0.837590398726863 1.1 5.3 -9.3
2005-02-03 0.968969 0.977925 0.837590398726863 -0.699999 3.7 -5.8
2005-02-04 0.910266 0.887716 0.837590398726863 0.1 2.1 -8.4
2005-02-05 0.945553 0.951158 0.837590398726863 -2.7 1.4 -5.9
2005-02-06 0.958506 0.960083 0.837590398726863 -4.8 1.9 -3.2
2005-02-07 0.511131 0.640689 0.837590398726863 -8.5 -3.1 -4.5
2005-02-08 0.846873 0.851964 0.837590398726863 -4.9 -3.4 -5
2005-02-09 0.888304 0.917546 0.837590398726863 -2.8 -0.3 -5.4
2005-02-10 0.959351 0.973257 0.837590398726863 -2.6 1.8 -5.2
2005-02-11 0.735847 0.638457 0.837590398726863 -0.4 3.8 -5
2005-02-12 0.965738 0.953186 0.837590398726863 -3.6 1.5 -3.6
2005-02-13 0.552823 0.568475 0.837590398726863 -3.6 -4.4 -5.1
2005-02-14 0.38789 0.421914 0.837590398726863 -5.3 -4.1 -5.4
2005-02-15 0.421861 0.367979 0.837590398726863 -4.3 -4.3 -5.5
2005-02-16 0.668842 0.493818 0.837590398726863 -1 -3.3 -4.7
2005-02-17 0.661781 0.727077 0.837590398726863 -1.2 -0.8 -6.1
2005-02-18 0.570523 0.646222 0.837590398726863 -7 -5.6 -7
2005-02-19 0.53414 0.550838 0.837590398726863 -4.6 -2.5 -6.4
2005-02-20 0.646897 0.745177 0.837590398726863 -6.4 -5.1 -6
2005-02-21 0.654071 0.738025 0.837590398726863 -5.5 -5.4 -6.6
2005-02-22 0.883211 0.967316 0.837590398726863 -5.6 -4.3 -6.2
2005-02-23 0.967237 0.969969 0.837590398726863 -5.4 -1.4 -5.9
2005-02-24 0.851052 0.812915 0.837590398726863 -2.9 -4.8 -4.6
2005-02-25 0.782083 0.569506 0.837590398726863 -3.6 -5.1 -5.5
2005-02-26 0.911313 0.75163 0.837590398726863 -3.3 -5 -5.8
2005-02-27 0.684759 0.609563 0.837590398726863 -4.1 -5.2 -7
2005-02-28 0.948409 0.98191 0.837590398726863 -6.3 -3.9 -5.4
2006-02-01 0.439704 0.30843 0.837590398726863 -3.6 -3.8 -3.4
2006-02-02 0.285336 0.572798 0.837590398726863 -7.2 -1.4 -3
2006-02-03 0.945968 0.931235 0.837590398726863 -3.2 -1.9 -4.2
2006-02-04 0.491248 0.922267 0.837590398726863 -8 -2.1 -1.2
2006-02-05 0.981298 0.967984 0.837590398726863 0.900002 0 -2
2006-02-06 0.868404 0.837954 0.837590398726863 2.3 3.5 -7.7
2006-02-07 0.972483 0.983442 0.837590398726863 -0.799999 6.4 -8.9
2006-02-08 0.977542 0.979617 0.837590398726863 -0.9 6.9 -8.2
2006-02-09 0.975362 0.970041 0.837590398726863 -1.1 6.5 -9.1
2006-02-10 0.982003 0.964259 0.837590398726863 -0.799999 5.4 -7.3
2006-02-11 0.886508 0.961435 0.837590398726863 -2.9 2.8 -6.5
2006-02-12 0.958926 0.938502 0.837590398726863 -1.7 5.5 -5.8
2006-02-13 0.965967 0.960281 0.837590398726863 -3.2 4.8 -6.1
2006-02-14 0.975722 0.964709 0.837590398726863 -4.1 -2.4 -3.2
2006-02-15 0.899566 0.962673 0.837590398726863 -6.3 -0.8 -4.1
2006-02-16 0.962693 0.978468 0.837590398726863 -5 1 -8.3
2006-02-17 0.452494 0.59254 0.837590398726863 -4.4 -1.8 -7.7
2006-02-18 0.519972 0.603105 0.837590398726863 -7.3 -4.2 -4.3
2006-02-19 0.497292 0.671146 0.837590398726863 -7.2 -4.1 -4
2006-02-20 0.825706 0.97175 0.837590398726863 -6.8 -1.1 -3.5
2006-02-21 0.946595 0.959208 0.837590398726863 -5.4 1.1 -6.5
2006-02-22 0.968197 0.955121 0.837590398726863 -4.2 1.6 -4.2
2006-02-24 0.978793 0.968028 0.837590398726863 -3.5 3.1 -6
2006-02-25 0.95215 0.896355 0.837590398726863 -3.6 1.5 -7.6
2006-02-26 0.448699 0.410555 0.837590398726863 0.900002 0.5 -7.2
2006-02-27 0.715122 0.614026 0.837590398726863 -3.7 -2 -2.3
2003-02-20 1 1 0.835151998730569 -4 -4 -2
2003-02-21 1 1 0.835151998730569 -3.3 -1.3 -2.4
2003-02-22 0.997124 1 0.835151998730569 -4.2 -1.1 -1.8
2003-02-23 0.988018 0.995698 0.835151998730569 -3.5 -0.9 -1.8
2003-02-24 0.395311 0.396632 0.835151998730569 -4.4 -4.3 -3.4
2003-02-25 0.938697 0.897118 0.835151998730569 -4.2 -4.1 -1
2003-02-26 0.846007 0.919419 0.835151998730569 -6 -1.3 -2.4
2003-02-27 0.624448 0.8689 0.835151998730569 -7.5 -3.2 -2
2003-02-28 0.927082 0.877596 0.835151998730569 -5.7 -2.9 -3.1
2004-02-01 0.551862 0.519767 0.835151998730569 -5.3 -3 -2.7
2004-02-02 0.29075 0.518749 0.835151998730569 -4.5 -5.9 -2.8
2004-02-03 0.525853 0.537188 0.835151998730569 -7 -5.4 -4.2
2004-02-04 0.977059 0.895418 0.835151998730569 -3.4 -4.4 -3.7
2004-02-05 0.959367 0.937256 0.835151998730569 -1.6 -1.3 -5
2004-02-06 0.674772 0.791874 0.835151998730569 -3.7 -3.7 -5.9
2004-02-07 0.987878 0.970898 0.835151998730569 -2.6 -1.2 -1.9
2004-02-08 0.983837 0.972248 0.835151998730569 -3 -1.7 -2.3
2004-02-09 0.985428 0.970249 0.835151998730569 -1.6 -1.4 -5.1
2004-02-10 0.977488 0.954409 0.835151998730569 -1.1 -1.8 -3
2004-02-11 0.979541 0.963171 0.835151998730569 -1.4 -0.2 -3.5
2004-02-12 0.983421 0.966409 0.835151998730569 -0.4 0.4 -7.4
2004-02-13 0.559376 0.483285 0.835151998730569 -2.8 -1.8 -6.3
2004-02-14 0.92427 0.861973 0.835151998730569 -3.1 -1.9 -5.7
2004-02-15 0.5911 0.60653 0.835151998730569 -3.6 -4.1 -3.6
2004-02-16 0.26019 0.298731 0.835151998730569 -3.2 -2.3 -1.1
2004-02-17 0.447473 0.419221 0.835151998730569 -3.4 -4.6 -5.6
2004-02-18 0.427255 0.893082 0.835151998730569 -7.8 -6.4 -3.1
2004-02-19 0.944691 0.92605 0.835151998730569 -3.7 -3.4 -1.2
2004-02-20 0.689586 0.677709 0.835151998730569 -4.2 -4.3 -2.8
2004-02-21 0.46969 0.556122 0.835151998730569 -6.5 -5.1 -2.7
2004-02-22 0.462555 0.671246 0.835151998730569 -7.2 -4.8 -2.8
2004-02-23 0.861119 0.895567 0.835151998730569 -4.8 -3.2 -2.1
2004-02-24 0.444034 0.897805 0.835151998730569 -7.9 -4.8 -2
2004-02-25 0.329524 0.456894 0.835151998730569 -4.5 -4.3 -2.6
2004-02-26 0.355563 0.759545 0.835151998730569 -8.4 -6.2 -3.8
2004-02-27 0.824559 0.945951 0.835151998730569 -4.6 -4.5 -3.2
2004-02-28 0.983706 0.966826 0.835151998730569 -3.3 -4.8 -4.2
2004-02-29 0.909332 0.881 0.835151998730569 -4.2 -5.7 -2.8
2005-02-01 0.969237 0.993056 0.835151998730569 0.200001 2 -11.1
2005-02-02 0.96522 0.980383 0.835151998730569 -0.200001 2.4 -8
2005-02-03 0.968969 0.97508 0.835151998730569 -1.3 1.2 -4.6
2005-02-04 0.910266 0.886276 0.835151998730569 0.3 0.4 -7.8
2005-02-05 0.945553 0.95552 0.835151998730569 -1.8 -0.9 -5.3
2005-02-06 0.958506 0.97672 0.835151998730569 -5.2 -2.6 -0.9
2005-02-07 0.511131 0.747708 0.835151998730569 -9.4 -4.9 -2.4
2005-02-08 0.846873 0.854314 0.835151998730569 -3.7 -5.6 -3.7
2005-02-09 0.888304 0.919524 0.835151998730569 -1.5 -1.4 -4.7
2005-02-10 0.959351 0.971407 0.835151998730569 -2.1 -1.6 -4.4
2005-02-11 0.735847 0.676157 0.835151998730569 -0.7 1.1 -3.1
2005-02-12 0.965738 0.96096 0.835151998730569 -4.9 -1.8 -2.3
2005-02-13 0.552823 0.553717 0.835151998730569 -3.8 -4.7 -3.1
2005-02-14 0.38789 0.452705 0.835151998730569 -4.3 -4.1 -4
2005-02-15 0.421861 0.387037 0.835151998730569 -4.3 -4.4 -4.5
2005-02-16 0.668842 0.509524 0.835151998730569 0.5 -3.6 -3.5
2005-02-17 0.661781 0.670322 0.835151998730569 -0.3 -2.1 -4.6
2005-02-18 0.570523 0.711983 0.835151998730569 -7.6 -5.5 -5.4
2005-02-19 0.53414 0.576198 0.835151998730569 -5 -4 -5
2005-02-20 0.646897 0.732642 0.835151998730569 -7.1 -5 -3.8
2005-02-21 0.654071 0.747287 0.835151998730569 -3.4 -5 -4.9
2005-02-22 0.883211 0.941695 0.835151998730569 -4.6 -3.6 -4.4
2005-02-23 0.967237 0.969219 0.835151998730569 -5.7 -2.8 -4.3
2005-02-24 0.851052 0.795748 0.835151998730569 -0.7 -5.2 -2.9
2005-02-25 0.782083 0.620145 0.835151998730569 -4.1 -5.9 -3.2
2005-02-26 0.911313 0.789725 0.835151998730569 -3.2 -5.3 -4
2005-02-27 0.684759 0.655409 0.835151998730569 -5.1 -6.5 -5.5
2005-02-28 0.948409 0.976064 0.835151998730569 -5.5 -5.7 -4.1
2006-02-01 0.439704 0.403286 0.835151998730569 -5.2 -4.8 -2.9
2006-02-02 0.285336 0.608692 0.835151998730569 -7.7 -4.2 -3.3
2006-02-03 0.945968 0.930207 0.835151998730569 -2 -4 -4.7
2006-02-04 0.491248 0.877808 0.835151998730569 -6.8 -3.8 -0.9
2006-02-05 0.981298 0.963682 0.835151998730569 2.5 -1.8 -1.9
2006-02-06 0.868404 0.841815 0.835151998730569 3.7 0 -8
2006-02-07 0.972483 0.962397 0.835151998730569 1.4 3 -8.3
2006-02-08 0.977542 0.978709 0.835151998730569 1.1 3 -7.9
2006-02-09 0.975362 0.966166 0.835151998730569 0.699999 2.5 -9.6
2006-02-10 0.982003 0.969244 0.835151998730569 0.6 2.5 -8
2006-02-11 0.886508 0.963873 0.835151998730569 -0.799999 0 -6.5
2006-02-12 0.958926 0.914093 0.835151998730569 0.1 0.9 -6.3
2006-02-13 0.965967 0.979773 0.835151998730569 -0.6 0.0999999 -6.1
2006-02-14 0.975722 0.95875 0.835151998730569 -4 -5.6 -3.4
2006-02-15 0.899566 0.951265 0.835151998730569 -5.6 -4.2 -2.9
2006-02-16 0.962693 0.942858 0.835151998730569 -5.3 -2.6 -7.3
2006-02-17 0.452494 0.610162 0.835151998730569 -3.6 -3.5 -7.8
2006-02-18 0.519972 0.65524 0.835151998730569 -6.9 -4.9 -4.5
2006-02-19 0.497292 0.504203 0.835151998730569 -6 -5.6 -3.9
2006-02-20 0.825706 0.964963 0.835151998730569 -6 -4.9 -4.2
2006-02-21 0.946595 0.96131 0.835151998730569 -4.7 -2 -6
2006-02-22 0.968197 0.956134 0.835151998730569 -3.9 -1.1 -4
2006-02-24 0.978793 0.957495 0.835151998730569 -2.7 0 -6
2006-02-25 0.95215 0.938635 0.835151998730569 -1.8 -2.9 -7.9
2006-02-26 0.448699 0.379225 0.835151998730569 0.1 -1.9 -7
2006-02-27 0.715122 0.716235 0.835151998730569 -4 -1.9 -1.9
2003-02-20 1 1 0.766571998834811 -3.9 -2.6 -2.5
2003-02-21 1 1 0.766571998834811 -3.9 -1 -2.6
2003-02-22 0.997124 1 0.766571998834811 -4.5 0 -1.7
2003-02-23 0.988018 0.990783 0.766571998834811 -3.2 -0.8 -3
2003-02-24 0.395311 0.391697 0.766571998834811 -5.1 -4.2 -3.5
2003-02-25 0.938697 0.858674 0.766571998834811 -4.8 -4.3 -2.3
2003-02-26 0.846007 0.685426 0.766571998834811 -5.4 -3.6 -3.1
2003-02-27 0.624448 0.687433 0.766571998834811 -7.2 -2.9 -2.4
2003-02-28 0.927082 0.864495 0.766571998834811 -5.1 -2.1 -2.3
2004-02-01 0.551862 0.337472 0.766571998834811 -4.6 -2.5 -1.9
2004-02-02 0.29075 0.44231 0.766571998834811 -2.7 -5.5 -2.8
2004-02-03 0.525853 0.447146 0.766571998834811 -5.3 -4.8 -3.5
2004-02-04 0.977059 0.958068 0.766571998834811 -4.1 -3.8 -3.2
2004-02-05 0.959367 0.937629 0.766571998834811 -2 0.1 -3.7
2004-02-06 0.674772 0.731708 0.766571998834811 -3.3 -4.2 -5.8
2004-02-07 0.987878 0.989038 0.766571998834811 -3.5 -2.8 -2.5
2004-02-08 0.983837 0.936555 0.766571998834811 -4.2 0.4 -3.2
2004-02-09 0.985428 0.969536 0.766571998834811 -3.2 -0.5 -4.8
2004-02-10 0.977488 0.967711 0.766571998834811 -2.3 1.7 -4.3
2004-02-11 0.979541 0.978711 0.766571998834811 -2.6 -0.3 -2.6
2004-02-12 0.983421 0.959329 0.766571998834811 -1.9 1.3 -5.7
2004-02-13 0.559376 0.471482 0.766571998834811 -3 -1.7 -5.1
2004-02-14 0.92427 0.896439 0.766571998834811 -4.4 -0.8 -4.1
2004-02-15 0.5911 0.606124 0.766571998834811 -3.5 -3.2 -2.8
2004-02-16 0.26019 0.300467 0.766571998834811 -4.2 -2.3 -1.6
2004-02-17 0.447473 0.474126 0.766571998834811 -3.5 -3.8 -4.6
2004-02-18 0.427255 0.777825 0.766571998834811 -8.2 -4 -2.9
2004-02-19 0.944691 0.908372 0.766571998834811 -3.8 -1.6 -1.4
2004-02-20 0.689586 0.732553 0.766571998834811 -5.2 -2.1 -2.3
2004-02-21 0.46969 0.5644 0.766571998834811 -6.5 -4.4 -2.4
2004-02-22 0.462555 0.531714 0.766571998834811 -5.5 -4.6 -3.1
2004-02-23 0.861119 0.801127 0.766571998834811 -4.9 -4.1 -2.3
2004-02-24 0.444034 0.745526 0.766571998834811 -6.7 -4.3 -2.6
2004-02-25 0.329524 0.400463 0.766571998834811 -4.7 -4.8 -2.9
2004-02-26 0.355563 0.452614 0.766571998834811 -6.7 -5.8 -4.1
2004-02-27 0.824559 0.872576 0.766571998834811 -5.6 -3.5 -2.5
2004-02-28 0.983706 0.974798 0.766571998834811 -4.1 -1.3 -2.5
2004-02-29 0.909332 0.91938 0.766571998834811 -4.3 -4 -2.5
2005-02-01 0.969237 0.992676 0.766571998834811 -1.6 4.2 -9
2005-02-02 0.96522 0.979026 0.766571998834811 0.699999 3.9 -8.2
2005-02-03 0.968969 0.984948 0.766571998834811 -1 2 -4.3
2005-02-04 0.910266 0.924983 0.766571998834811 -1.7 -0.7 -6.7
2005-02-05 0.945553 0.969457 0.766571998834811 -2.9 -1 -4.7
2005-02-06 0.958506 0.988395 0.766571998834811 -4.6 -0.0999999 -2.8
2005-02-07 0.511131 0.632696 0.766571998834811 -7.8 -3.8 -4
2005-02-08 0.846873 0.876557 0.766571998834811 -5.4 -4.3 -3.7
2005-02-09 0.888304 0.934448 0.766571998834811 -3 -2.8 -4.1
2005-02-10 0.959351 0.984797 0.766571998834811 -2.6 -0.6 -4.2
2005-02-11 0.735847 0.66571 0.766571998834811 -0.299999 0.7 -4.8
2005-02-12 0.965738 0.953482 0.766571998834811 -4.3 -0.9 -3.1
2005-02-13 0.552823 0.545178 0.766571998834811 -3.1 -4.2 -3.7
2005-02-14 0.38789 0.4448 0.766571998834811 -5.2 -5.1 -4.2
2005-02-15 0.421861 0.388309 0.766571998834811 -4.5 -4.9 -4.5
2005-02-16 0.668842 0.55744 0.766571998834811 -2.4 -4.4 -4.3
2005-02-17 0.661781 0.704599 0.766571998834811 -1.2 -2.7 -5.5
2005-02-18 0.570523 0.664079 0.766571998834811 -6.5 -4.9 -5.3
2005-02-19 0.53414 0.606617 0.766571998834811 -5.8 -4.2 -4.3
2005-02-20 0.646897 0.690481 0.766571998834811 -7.1 -5.2 -4.1
2005-02-21 0.654071 0.584919 0.766571998834811 -6.4 -4.9 -4.4
2005-02-22 0.883211 0.928574 0.766571998834811 -4.9 -3.2 -3.9
2005-02-23 0.967237 0.97206 0.766571998834811 -3.8 -1.7 -4.7
2005-02-24 0.851052 0.692601 0.766571998834811 -1.6 -5.1 -3.1
2005-02-25 0.782083 0.605726 0.766571998834811 -3.3 -4.6 -3.5
2005-02-26 0.911313 0.895255 0.766571998834811 -3.3 -4.6 -4.3
2005-02-27 0.684759 0.67762 0.766571998834811 -4.8 -6.7 -5.6
2005-02-28 0.948409 0.964511 0.766571998834811 -4.7 -4.6 -2.7
2006-02-01 0.439704 0.456484 0.766571998834811 -4.5 -4.6 -3.2
2006-02-02 0.285336 0.486954 0.766571998834811 -5.7 -2.9 -2.9
2006-02-03 0.945968 0.949053 0.766571998834811 -3.4 -1.4 -3.3
2006-02-04 0.491248 0.810017 0.766571998834811 -7.2 -2.8 -1.7
2006-02-05 0.981298 0.951689 0.766571998834811 0.400002 -1 -2.5
2006-02-06 0.868404 0.880149 0.766571998834811 1.9 0.8 -7.2
2006-02-07 0.972483 0.981607 0.766571998834811 -1.5 4.3 -7.9
2006-02-08 0.977542 0.980865 0.766571998834811 -1.7 3.6 -7.6
2006-02-09 0.975362 0.97132 0.766571998834811 -1.9 2.9 -7.4
2006-02-10 0.982003 0.966246 0.766571998834811 -1.6 3.3 -6.5
2006-02-11 0.886508 0.97196 0.766571998834811 -2.2 1 -5.7
2006-02-12 0.958926 0.926068 0.766571998834811 -0.200001 1.2 -5
2006-02-13 0.965967 0.968246 0.766571998834811 -3.1 0 -6.4
2006-02-14 0.975722 0.959545 0.766571998834811 -4.5 -5.3 -3.7
2006-02-15 0.899566 0.957444 0.766571998834811 -6 -2.5 -3.5
2006-02-16 0.962693 0.970726 0.766571998834811 -5 -0.9 -6.2
2006-02-17 0.452494 0.540012 0.766571998834811 -5.4 -4.3 -6.3
2006-02-18 0.519972 0.69702 0.766571998834811 -7.3 -4.8 -3.7
2006-02-19 0.497292 0.580217 0.766571998834811 -5.2 -5.7 -4.1
2006-02-20 0.825706 0.97667 0.766571998834811 -6.2 -3.2 -3.6
2006-02-21 0.946595 0.971848 0.766571998834811 -6 -1.1 -5.7
2006-02-22 0.968197 0.968447 0.766571998834811 -3.5 -6.8 -4.9
2006-02-24 0.978793 0.947653 0.766571998834811 -3.4 0.2 -5.1
2006-02-25 0.95215 0.941118 0.766571998834811 -4.3 -1.5 -6.6
2006-02-26 0.448699 0.329593 0.766571998834811 -0.799999 -1 -6.6
2006-02-27 0.715122 0.827691 0.766571998834811 -5.3 -2 -2.7
2005-02-17 0.661781 0.724699 0.562355999145219 -1.9 6.4 -6
2005-02-18 0.570523 0.573152 0.562355999145219 -5.9 -3.8 -3.2
2005-02-19 0.53414 0.582395 0.562355999145219 -4.2 -4.3 -3.3
2005-02-20 0.646897 0.690021 0.562355999145219 -6 -3.9 -3
2005-02-21 0.654071 0.649288 0.562355999145219 -4.7 -3.7 -3.1
2005-02-22 0.883211 0.912028 0.562355999145219 -5.1 -3.5 -3
2005-02-23 0.967237 0.970062 0.562355999145219 -5.2 -2.1 -2.8
2005-02-24 0.851052 0.800682 0.562355999145219 -3.6 -1.7 -1.8
2005-02-25 0.782083 0.574126 0.562355999145219 -1.9 -3.3 -2.8
2005-02-26 0.911313 0.930898 0.562355999145219 -4.1 -2.4 -2.1
2005-02-27 0.684759 0.62465 0.562355999145219 -5.1 -4.8 -3.3
2005-02-28 0.948409 0.934626 0.562355999145219 -5 -3.4 -2.3
2006-02-01 0.439704 0.432077 0.562355999145219 -4.3 -3.1 -1.6
2006-02-03 0.945968 0.955689 0.562355999145219 -4.1 -1.1 -1.9
2006-02-04 0.491248 0.72302 0.562355999145219 -6.1 -0.2 -1.3
2006-02-05 0.981298 0.971175 0.562355999145219 0.300001 1.5 -2.8
2006-02-06 0.868404 0.856844 0.562355999145219 0.199999 -0.9 -5.7
2006-02-07 0.972483 0.969976 0.562355999145219 -1.5 1.3 -6.5
2006-02-08 0.977542 0.976785 0.562355999145219 -1 2.9 -4.7
2006-02-09 0.975362 0.984457 0.562355999145219 -0.5 -1.7 -6.8
2006-02-10 0.982003 0.971624 0.562355999145219 -1.9 -0.9 -3.8
2006-02-11 0.886508 0.954247 0.562355999145219 -2.1 -1.7 -3.6
2006-02-12 0.958926 0.966217 0.562355999145219 -0.799999 -0.3 -3.6
2006-02-13 0.965967 0.963579 0.562355999145219 -2.4 -1.5 -3.5
2006-02-14 0.975722 0.963266 0.562355999145219 -3.6 -2.8 -2.2
2006-02-15 0.899566 0.943825 0.562355999145219 -5 -0.5 -2.6
2006-02-16 0.962693 0.984755 0.562355999145219 -4.8 -2.7 -3.6
2006-02-17 0.452494 0.596748 0.562355999145219 -5.7 -1.5 -4.2
2006-02-18 0.519972 0.596194 0.562355999145219 -4.3 -1.6 -2.3
2006-02-19 0.497292 0.653279 0.562355999145219 -5.6 -4.3 -3.1
2006-02-21 0.946595 0.96222 0.562355999145219 -4.5 -3.2 -3.4
2006-02-22 0.968197 0.960949 0.562355999145219 -4 -1.5 -1.9
2006-02-24 0.978793 0.961094 0.562355999145219 -3.8 -2.6 -2
2006-02-25 0.95215 0.927142 0.562355999145219 -4.4 -3.6 -3.9
2006-02-26 0.448699 0.384542 0.562355999145219 -3.6 -3 -4.1
2006-02-27 0.715122 0.656496 0.562355999145219 -3.8 -1.2 -2.2
2005-02-17 0.724699 0.727077 0.275234399581644 0.700001 -7.2 -0.0999994
2005-02-18 0.573152 0.646222 0.275234399581644 -1.1 -1.8 -3.8
2005-02-19 0.582395 0.550838 0.275234399581644 -0.4 1.8 -3.1
2005-02-20 0.690021 0.745177 0.275234399581644 -0.4 -1.2 -3
2005-02-21 0.649288 0.738025 0.275234399581644 -0.799999 -1.7 -3.5
2005-02-22 0.912028 0.967316 0.275234399581644 -0.5 -0.8 -3.2
2005-02-23 0.970062 0.969969 0.275234399581644 -0.200001 0.7 -3.1
2005-02-24 0.800682 0.812915 0.275234399581644 0.700001 -3.1 -2.8
2005-02-25 0.574126 0.569506 0.275234399581644 -1.7 -1.8 -2.7
2005-02-26 0.930898 0.75163 0.275234399581644 0.800001 -2.6 -3.7
2005-02-27 0.62465 0.609563 0.275234399581644 1 -0.4 -3.7
2005-02-28 0.934626 0.98191 0.275234399581644 -1.3 -0.5 -3.1
2006-02-01 0.432077 0.30843 0.275234399581644 0.7 -0.7 -1.8
2006-02-03 0.955689 0.931235 0.275234399581644 0.900002 -0.8 -2.3
2006-02-04 0.72302 0.922267 0.275234399581644 -1.9 -1.9 0.1
2006-02-05 0.971175 0.967984 0.275234399581644 0.6 -1.5 0.8
2006-02-06 0.856844 0.837954 0.275234399581644 2.1 4.4 -2
2006-02-07 0.969976 0.983442 0.275234399581644 0.700001 5.1 -2.4
2006-02-08 0.976785 0.979617 0.275234399581644 0.1 4 -3.5
2006-02-09 0.984457 0.970041 0.275234399581644 -0.6 8.2 -2.3
2006-02-10 0.971624 0.964259 0.275234399581644 1.1 6.3 -3.5
2006-02-11 0.954247 0.961435 0.275234399581644 -0.799999 4.5 -2.9
2006-02-12 0.966217 0.938502 0.275234399581644 -0.900002 5.8 -2.2
2006-02-13 0.963579 0.960281 0.275234399581644 -0.800001 6.3 -2.6
2006-02-14 0.963266 0.964709 0.275234399581644 -0.5 0.4 -1
2006-02-15 0.943825 0.962673 0.275234399581644 -1.3 -0.3 -1.5
2006-02-16 0.984755 0.978468 0.275234399581644 -0.2 3.7 -4.7
2006-02-17 0.596748 0.59254 0.275234399581644 1.3 -0.3 -3.5
2006-02-18 0.596194 0.603105 0.275234399581644 -3 -2.6 -2
2006-02-19 0.653279 0.671146 0.275234399581644 -1.6 0.2 -0.9
2006-02-21 0.96222 0.959208 0.275234399581644 -0.9 4.3 -3.1
2006-02-22 0.960949 0.955121 0.275234399581644 -0.199999 3.1 -2.3
2006-02-24 0.961094 0.968028 0.275234399581644 0.300001 5.7 -4
2006-02-25 0.927142 0.896355 0.275234399581644 0.800001 5.1 -3.7
2006-02-26 0.384542 0.410555 0.275234399581644 4.5 3.5 -3.1
2006-02-27 0.656496 0.614026 0.275234399581644 0.0999985 -0.8 -0.1
2005-02-17 0.724699 0.670322 0.27279599958535 1.6 -8.5 1.4
2005-02-18 0.573152 0.711983 0.27279599958535 -1.7 -1.7 -2.2
2005-02-19 0.582395 0.576198 0.27279599958535 -0.799999 0.3 -1.7
2005-02-20 0.690021 0.732642 0.27279599958535 -1.1 -1.1 -0.8
2005-02-21 0.649288 0.747287 0.27279599958535 1.3 -1.3 -1.8
2005-02-22 0.912028 0.941695 0.27279599958535 0.5 -0.0999994 -1.4
2005-02-23 0.970062 0.969219 0.27279599958535 -0.5 -0.7 -1.5
2005-02-24 0.800682 0.795748 0.27279599958535 2.9 -3.5 -1.1
2005-02-25 0.574126 0.620145 0.27279599958535 -2.2 -2.6 -0.4
2005-02-26 0.930898 0.789725 0.27279599958535 0.900002 -2.9 -1.9
2005-02-27 0.62465 0.655409 0.27279599958535 0 -1.7 -2.2
2005-02-28 0.934626 0.976064 0.27279599958535 -0.5 -2.3 -1.8
2006-02-01 0.432077 0.403286 0.27279599958535 -0.900001 -1.7 -1.3
2006-02-03 0.955689 0.930207 0.27279599958535 2.1 -2.9 -2.8
2006-02-04 0.72302 0.877808 0.27279599958535 -0.700001 -3.6 0.4
2006-02-05 0.971175 0.963682 0.27279599958535 2.2 -3.3 0.9
2006-02-06 0.856844 0.841815 0.27279599958535 3.5 0.9 -2.3
2006-02-07 0.969976 0.962397 0.27279599958535 2.9 1.7 -1.8
2006-02-08 0.976785 0.978709 0.27279599958535 2.1 0.0999999 -3.2
2006-02-09 0.984457 0.966166 0.27279599958535 1.2 4.2 -2.8
2006-02-10 0.971624 0.969244 0.27279599958535 2.5 3.4 -4.2
2006-02-11 0.954247 0.963873 0.27279599958535 1.3 1.7 -2.9
2006-02-12 0.966217 0.914093 0.27279599958535 0.9 1.2 -2.7
2006-02-13 0.963579 0.979773 0.27279599958535 1.8 1.6 -2.6
2006-02-14 0.963266 0.95875 0.27279599958535 -0.4 -2.8 -1.2
2006-02-15 0.943825 0.951265 0.27279599958535 -0.6 -3.7 -0.3
2006-02-16 0.984755 0.942858 0.27279599958535 -0.5 0.1 -3.7
2006-02-17 0.596748 0.610162 0.27279599958535 2.1 -2 -3.6
2006-02-18 0.596194 0.65524 0.27279599958535 -2.6 -3.3 -2.2
2006-02-19 0.653279 0.504203 0.27279599958535 -0.4 -1.3 -0.8
2006-02-21 0.96222 0.96131 0.27279599958535 -0.2 1.2 -2.6
2006-02-22 0.960949 0.956134 0.27279599958535 0.1 0.4 -2.1
2006-02-24 0.961094 0.957495 0.27279599958535 1.1 2.6 -4
2006-02-25 0.927142 0.938635 0.27279599958535 2.6 0.7 -4
2006-02-26 0.384542 0.379225 0.27279599958535 3.7 1.1 -2.9
2006-02-27 0.656496 0.716235 0.27279599958535 -0.200001 -0.7 0.299999
2005-02-17 0.724699 0.704599 0.204215999689592 0.700001 -9.1 0.5
2005-02-18 0.573152 0.664079 0.204215999689592 -0.6 -1.1 -2.1
2005-02-19 0.582395 0.606617 0.204215999689592 -1.6 0.0999999 -1
2005-02-20 0.690021 0.690481 0.204215999689592 -1.1 -1.3 -1.1
2005-02-21 0.649288 0.584919 0.204215999689592 -1.7 -1.2 -1.3
2005-02-22 0.912028 0.928574 0.204215999689592 0.199999 0.3 -0.9
2005-02-23 0.970062 0.97206 0.204215999689592 1.4 0.4 -1.9
2005-02-24 0.800682 0.692601 0.204215999689592 2 -3.4 -1.3
2005-02-25 0.574126 0.605726 0.204215999689592 -1.4 -1.3 -0.7
2005-02-26 0.930898 0.895255 0.204215999689592 0.800001 -2.2 -2.2
2005-02-27 0.62465 0.67762 0.204215999689592 0.300001 -1.9 -2.3
2005-02-28 0.934626 0.964511 0.204215999689592 0.300001 -1.2 -0.4
2006-02-01 0.432077 0.456484 0.204215999689592 -0.2 -1.5 -1.6
2006-02-03 0.955689 0.949053 0.204215999689592 0.700001 -0.3 -1.4
2006-02-04 0.72302 0.810017 0.204215999689592 -1.1 -2.6 -0.4
2006-02-05 0.971175 0.951689 0.204215999689592 0.1 -2.5 0.3
2006-02-06 0.856844 0.880149 0.204215999689592 1.7 1.7 -1.5
2006-02-07 0.969976 0.981607 0.204215999689592 0 3 -1.4
2006-02-08 0.976785 0.980865 0.204215999689592 -0.699999 0.7 -2.9
2006-02-09 0.984457 0.97132 0.204215999689592 -1.4 4.6 -0.6
2006-02-10 0.971624 0.966246 0.204215999689592 0.299999 4.2 -2.7
2006-02-11 0.954247 0.97196 0.204215999689592 -0.1 2.7 -2.1
2006-02-12 0.966217 0.926068 0.204215999689592 0.599998 1.5 -1.4
2006-02-13 0.963579 0.968246 0.204215999689592 -0.700001 1.5 -2.9
2006-02-14 0.963266 0.959545 0.204215999689592 -0.9 -2.5 -1.5
2006-02-15 0.943825 0.957444 0.204215999689592 -1 -2 -0.9
2006-02-16 0.984755 0.970726 0.204215999689592 -0.2 1.8 -2.6
2006-02-17 0.596748 0.540012 0.204215999689592 0.3 -2.8 -2.1
2006-02-18 0.596194 0.69702 0.204215999689592 -3 -3.2 -1.4
2006-02-19 0.653279 0.580217 0.204215999689592 0.4 -1.4 -1
2006-02-21 0.96222 0.971848 0.204215999689592 -1.5 2.1 -2.3
2006-02-22 0.960949 0.968447 0.204215999689592 0.5 -5.3 -3
2006-02-24 0.961094 0.947653 0.204215999689592 0.400002 2.8 -3.1
2006-02-25 0.927142 0.941118 0.204215999689592 0.1 2.1 -2.7
2006-02-26 0.384542 0.329593 0.204215999689592 2.8 2 -2.5
2006-02-27 0.656496 0.827691 0.204215999689592 -1.5 -0.8 -0.5
2003-02-20 1 1 0.071018399892052 -0.5 0.7 0.0999999
2003-02-21 1 1 0.071018399892052 0.4 3.1 -0.6
2003-02-22 1 0.99529 0.071018399892052 0.4 2.7 -0.2
2003-02-23 0.990783 0.991273 0.071018399892052 -0.199999 3.1 -0.9
2003-02-24 0.391697 0.434525 0.071018399892052 0.8 1.6 -0.799999
2003-02-25 0.858674 0.879803 0.071018399892052 0.300001 5.3 1.3
2003-02-26 0.685426 0.894158 0.071018399892052 -0.5 3.9 -0.0999999
2003-02-27 0.687433 0.868295 0.071018399892052 -0.3 3.2 -0.0999999
2003-02-28 0.864495 0.86795 0.071018399892052 0.0999994 2.2 -1.5
2004-02-01 0.337472 0.414342 0.071018399892052 0.7 0.9 -2.5
2004-02-02 0.44231 0.500585 0.071018399892052 -1.2 0.5 -1.2
2004-02-03 0.447146 0.580258 0.071018399892052 -1.2 -0.3 -1.5
2004-02-04 0.958068 0.955719 0.071018399892052 -0.3 1.4 -0.6
2004-02-05 0.937629 0.953948 0.071018399892052 -0.8 1.1 -2.6
2004-02-06 0.731708 0.81983 0.071018399892052 0.0999994 2.8 -1.1
2004-02-07 0.989038 0.978369 0.071018399892052 0.2 3.6 -0.2
2004-02-08 0.936555 0.985727 0.071018399892052 -0.7 0.7 0
2004-02-09 0.969536 0.981855 0.071018399892052 0.0999985 1.7 0
2004-02-10 0.967711 0.960821 0.071018399892052 -0.800001 -0.2 -0.1
2004-02-11 0.978711 0.957823 0.071018399892052 0.599998 3.3 -0.8
2004-02-12 0.959329 0.955417 0.071018399892052 1 3.1 -1.2
2004-02-13 0.471482 0.511028 0.071018399892052 3.2 2.8 -2.9
2004-02-14 0.896439 0.8784 0.071018399892052 1.3 1.8 -2.2
2004-02-15 0.606124 0.570045 0.071018399892052 1.6 -0.0999999 -1.8
2004-02-16 0.300467 0.325917 0.071018399892052 1.2 -0.4 -1
2004-02-17 0.474126 0.376366 0.071018399892052 2 -0.599999 -2.5
2004-02-18 0.777825 0.900992 0.071018399892052 0 -0.4 -1.7
2004-02-19 0.908372 0.955241 0.071018399892052 0.3 0.4 -1.6
2004-02-20 0.732553 0.785354 0.071018399892052 -0.1 0.3 -1.8
2004-02-21 0.5644 0.506479 0.071018399892052 -0.1 -0.2 -1.9
2004-02-22 0.531714 0.544411 0.071018399892052 -0.400001 0.0999994 -1.1
2004-02-23 0.801127 0.908378 0.071018399892052 0.6 3.3 -1
2004-02-24 0.745526 0.854735 0.071018399892052 -0.2 -0.5 -1.3
2004-02-25 0.400463 0.427484 0.071018399892052 0.400001 -0.2 -1.1
2004-02-26 0.452614 0.698249 0.071018399892052 -1.4 0.6 -1.2
2004-02-27 0.872576 0.959375 0.071018399892052 0.3 0.3 -1.5
2004-02-28 0.974798 0.950722 0.071018399892052 0.400001 -0.5 -2.5
2004-02-29 0.91938 0.920822 0.071018399892052 0.7 -0.3 -1.7
2005-02-01 0.992676 0.989448 0.071018399892052 1 -1.4 -2.1
2005-02-02 0.979026 0.965762 0.071018399892052 0.400002 1.4 -1.1
2005-02-03 0.984948 0.977925 0.071018399892052 0.300001 1.7 -1.5
2005-02-04 0.924983 0.887716 0.071018399892052 1.8 2.8 -1.7
2005-02-05 0.969457 0.951158 0.071018399892052 0.200001 2.4 -1.2
2005-02-06 0.988395 0.960083 0.071018399892052 -0.199999 2 -0.4
2005-02-07 0.632696 0.640689 0.071018399892052 -0.7 0.7 -0.5
2005-02-08 0.876557 0.851964 0.071018399892052 0.5 0.9 -1.3
2005-02-09 0.934448 0.917546 0.071018399892052 0.199999 2.5 -1.3
2005-02-10 0.984797 0.973257 0.071018399892052 0 2.4 -1
2005-02-11 0.66571 0.638457 0.071018399892052 -0.1 3.1 -0.2
2005-02-12 0.953482 0.953186 0.071018399892052 0.700001 2.4 -0.5
2005-02-13 0.545178 0.568475 0.071018399892052 -0.5 -0.2 -1.4
2005-02-14 0.4448 0.421914 0.071018399892052 -0.1 1 -1.2
2005-02-15 0.388309 0.367979 0.071018399892052 0.2 0.599999 -1
2005-02-16 0.55744 0.493818 0.071018399892052 1.4 1.1 -0.400001
2005-02-17 0.704599 0.727077 0.071018399892052 0 1.9 -0.599999
2005-02-18 0.664079 0.646222 0.071018399892052 -0.5 -0.7 -1.7
2005-02-19 0.606617 0.550838 0.071018399892052 1.2 1.7 -2.1
2005-02-20 0.690481 0.745177 0.071018399892052 0.700001 0.1 -1.9
2005-02-21 0.584919 0.738025 0.071018399892052 0.9 -0.5 -2.2
2005-02-22 0.928574 0.967316 0.071018399892052 -0.699999 -1.1 -2.3
2005-02-23 0.97206 0.969969 0.071018399892052 -1.6 0.3 -1.2
2005-02-24 0.692601 0.812915 0.071018399892052 -1.3 0.3 -1.5
2005-02-25 0.605726 0.569506 0.071018399892052 -0.3 -0.5 -2
2005-02-26 0.895255 0.75163 0.071018399892052 0 -0.4 -1.5
2005-02-27 0.67762 0.609563 0.071018399892052 0.699999 1.5 -1.4
2005-02-28 0.964511 0.98191 0.071018399892052 -1.6 0.7 -2.7
2006-02-01 0.456484 0.30843 0.071018399892052 0.9 0.8 -0.2
2006-02-02 0.486954 0.572798 0.071018399892052 -1.5 1.5 -0.0999994
2006-02-03 0.949053 0.931235 0.071018399892052 0.200001 -0.5 -0.9
2006-02-04 0.810017 0.922267 0.071018399892052 -0.799999 0.7 0.5
2006-02-05 0.951689 0.967984 0.071018399892052 0.5 1 0.5
2006-02-06 0.880149 0.837954 0.071018399892052 0.4 2.7 -0.5
2006-02-07 0.981607 0.983442 0.071018399892052 0.700001 2.1 -1
2006-02-08 0.980865 0.979617 0.071018399892052 0.799999 3.3 -0.6
2006-02-09 0.97132 0.970041 0.071018399892052 0.800001 3.6 -1.7
2006-02-10 0.966246 0.964259 0.071018399892052 0.800001 2.1 -0.8
2006-02-11 0.97196 0.961435 0.071018399892052 -0.699999 1.8 -0.8
2006-02-12 0.926068 0.938502 0.071018399892052 -1.5 4.3 -0.8
2006-02-13 0.968246 0.960281 0.071018399892052 -0.1 4.8 0.3
2006-02-14 0.959545 0.964709 0.071018399892052 0.4 2.9 0.5
2006-02-15 0.957444 0.962673 0.071018399892052 -0.3 1.7 -0.6
2006-02-16 0.970726 0.978468 0.071018399892052 0 1.9 -2.1
2006-02-17 0.540012 0.59254 0.071018399892052 1 2.5 -1.4
2006-02-18 0.69702 0.603105 0.071018399892052 0 0.6 -0.6
2006-02-19 0.580217 0.671146 0.071018399892052 -2 1.6 0.0999999
2006-02-20 0.97667 0.97175 0.071018399892052 -0.599999 2.1 0.1
2006-02-21 0.971848 0.959208 0.071018399892052 0.6 2.2 -0.8
2006-02-22 0.968447 0.955121 0.071018399892052 -0.699999 8.4 0.7
2006-02-24 0.947653 0.968028 0.071018399892052 -0.1 2.9 -0.9
2006-02-25 0.941118 0.896355 0.071018399892052 0.700001 3 -1
2006-02-26 0.329593 0.410555 0.071018399892052 1.7 1.5 -0.6
2006-02-27 0.827691 0.614026 0.071018399892052 1.6 0 0.4
2003-02-20 1 1 0.0685799998957584 -0.0999985 -1.4 0.5
2003-02-21 1 1 0.0685799998957584 0.6 -0.3 0.2
2003-02-22 1 1 0.0685799998957584 0.299999 -1.1 -0.0999999
2003-02-23 0.990783 0.995698 0.0685799998957584 -0.299999 -0.0999999 1.2
2003-02-24 0.391697 0.396632 0.0685799998957584 0.700001 -0.0999994 0.1
2003-02-25 0.858674 0.897118 0.0685799998957584 0.6 0.2 1.3
2003-02-26 0.685426 0.919419 0.0685799998957584 -0.599999 2.3 0.7
2003-02-27 0.687433 0.8689 0.0685799998957584 -0.3 -0.3 0.4
2003-02-28 0.864495 0.877596 0.0685799998957584 -0.6 -0.8 -0.8
2004-02-01 0.337472 0.519767 0.0685799998957584 -0.700001 -0.5 -0.8
2004-02-02 0.44231 0.518749 0.0685799998957584 -1.8 -0.4 0
2004-02-03 0.447146 0.537188 0.0685799998957584 -1.7 -0.6 -0.7
2004-02-04 0.958068 0.895418 0.0685799998957584 0.7 -0.6 -0.5
2004-02-05 0.937629 0.937256 0.0685799998957584 0.4 -1.4 -1.3
2004-02-06 0.731708 0.791874 0.0685799998957584 -0.400001 0.5 -0.0999999
2004-02-07 0.989038 0.970898 0.0685799998957584 0.900001 1.6 0.6
2004-02-08 0.936555 0.972248 0.0685799998957584 1.2 -2.1 0.9
2004-02-09 0.969536 0.970249 0.0685799998957584 1.6 -0.9 -0.3
2004-02-10 0.967711 0.954409 0.0685799998957584 1.2 -3.5 1.3
2004-02-11 0.978711 0.963171 0.0685799998957584 1.2 0.1 -0.9
2004-02-12 0.959329 0.966409 0.0685799998957584 1.5 -0.9 -1.7
2004-02-13 0.471482 0.483285 0.0685799998957584 0.199999 -0.0999999 -1.2
2004-02-14 0.896439 0.861973 0.0685799998957584 1.3 -1.1 -1.6
2004-02-15 0.606124 0.60653 0.0685799998957584 -0.1 -0.9 -0.8
2004-02-16 0.300467 0.298731 0.0685799998957584 1 0 0.5
2004-02-17 0.474126 0.419221 0.0685799998957584 0.0999985 -0.799999 -1
2004-02-18 0.777825 0.893082 0.0685799998957584 0.4 -2.4 -0.2
2004-02-19 0.908372 0.92605 0.0685799998957584 0.1 -1.8 0.2
2004-02-20 0.732553 0.677709 0.0685799998957584 1 -2.2 -0.5
2004-02-21 0.5644 0.556122 0.0685799998957584 0 -0.7 -0.3
2004-02-22 0.531714 0.671246 0.0685799998957584 -1.7 -0.2 0.299999
2004-02-23 0.801127 0.895567 0.0685799998957584 0.1 0.900001 0.2
2004-02-24 0.745526 0.897805 0.0685799998957584 -1.2 -0.5 0.6
2004-02-25 0.400463 0.456894 0.0685799998957584 0.200001 0.5 0.3
2004-02-26 0.452614 0.759545 0.0685799998957584 -1.7 -0.4 0.3
2004-02-27 0.872576 0.945951 0.0685799998957584 1 -1 -0.7
2004-02-28 0.974798 0.966826 0.0685799998957584 0.800001 -3.5 -1.7
2004-02-29 0.91938 0.881 0.0685799998957584 0.1 -1.7 -0.3
2005-02-01 0.992676 0.993056 0.0685799998957584 1.8 -2.2 -2.1
2005-02-02 0.979026 0.980383 0.0685799998957584 -0.9 -1.5 0.2
2005-02-03 0.984948 0.97508 0.0685799998957584 -0.299999 -0.8 -0.3
2005-02-04 0.924983 0.886276 0.0685799998957584 2 1.1 -1.1
2005-02-05 0.969457 0.95552 0.0685799998957584 1.1 0.0999999 -0.6
2005-02-06 0.988395 0.97672 0.0685799998957584 -0.6 -2.5 1.9
2005-02-07 0.632696 0.747708 0.0685799998957584 -1.6 -1.1 1.6
2005-02-08 0.876557 0.854314 0.0685799998957584 1.7 -1.3 0
2005-02-09 0.934448 0.919524 0.0685799998957584 1.5 1.4 -0.6
2005-02-10 0.984797 0.971407 0.0685799998957584 0.5 -1 -0.2
2005-02-11 0.66571 0.676157 0.0685799998957584 -0.400001 0.4 1.7
2005-02-12 0.953482 0.96096 0.0685799998957584 -0.599998 -0.9 0.8
2005-02-13 0.545178 0.553717 0.0685799998957584 -0.7 -0.5 0.599999
2005-02-14 0.4448 0.452705 0.0685799998957584 0.9 1 0.2
2005-02-15 0.388309 0.387037 0.0685799998957584 0.2 0.5 0
2005-02-16 0.55744 0.509524 0.0685799998957584 2.9 0.8 0.8
2005-02-17 0.704599 0.670322 0.0685799998957584 0.9 0.6 0.900001
2005-02-18 0.664079 0.711983 0.0685799998957584 -1.1 -0.599999 -0.1
2005-02-19 0.606617 0.576198 0.0685799998957584 0.800001 0.2 -0.7
2005-02-20 0.690481 0.732642 0.0685799998957584 0 0.2 0.3
2005-02-21 0.584919 0.747287 0.0685799998957584 3 -0.1 -0.5
2005-02-22 0.928574 0.941695 0.0685799998957584 0.300001 -0.4 -0.5
2005-02-23 0.97206 0.969219 0.0685799998957584 -1.9 -1.1 0.4
2005-02-24 0.692601 0.795748 0.0685799998957584 0.9 -0.1 0.200001
2005-02-25 0.605726 0.620145 0.0685799998957584 -0.8 -1.3 0.3
2005-02-26 0.895255 0.789725 0.0685799998957584 0.1 -0.7 0.3
2005-02-27 0.67762 0.655409 0.0685799998957584 -0.300001 0.2 0.0999994
2005-02-28 0.964511 0.976064 0.0685799998957584 -0.800001 -1.1 -1.4
2006-02-01 0.456484 0.403286 0.0685799998957584 -0.700001 -0.2 0.3
2006-02-02 0.486954 0.608692 0.0685799998957584 -2 -1.3 -0.4
2006-02-03 0.949053 0.930207 0.0685799998957584 1.4 -2.6 -1.4
2006-02-04 0.810017 0.877808 0.0685799998957584 0.4 -1 0.8
2006-02-05 0.951689 0.963682 0.0685799998957584 2.1 -0.8 0.6
2006-02-06 0.880149 0.841815 0.0685799998957584 1.8 -0.8 -0.8
2006-02-07 0.981607 0.962397 0.0685799998957584 2.9 -1.3 -0.4
2006-02-08 0.980865 0.978709 0.0685799998957584 2.8 -0.6 -0.3
2006-02-09 0.97132 0.966166 0.0685799998957584 2.6 -0.4 -2.2
2006-02-10 0.966246 0.969244 0.0685799998957584 2.2 -0.8 -1.5
2006-02-11 0.97196 0.963873 0.0685799998957584 1.4 -1 -0.8
2006-02-12 0.926068 0.914093 0.0685799998957584 0.300001 -0.3 -1.3
2006-02-13 0.968246 0.979773 0.0685799998957584 2.5 0.0999999 0.3
2006-02-14 0.959545 0.95875 0.0685799998957584 0.5 -0.3 0.3
2006-02-15 0.957444 0.951265 0.0685799998957584 0.4 -1.7 0.6
2006-02-16 0.970726 0.942858 0.0685799998957584 -0.3 -1.7 -1.1
2006-02-17 0.540012 0.610162 0.0685799998957584 1.8 0.8 -1.5
2006-02-18 0.69702 0.65524 0.0685799998957584 0.400001 -0.1 -0.8
2006-02-19 0.580217 0.504203 0.0685799998957584 -0.799999 0.0999999 0.2
2006-02-20 0.97667 0.964963 0.0685799998957584 0.200001 -1.7 -0.6
2006-02-21 0.971848 0.96131 0.0685799998957584 1.3 -0.9 -0.3
2006-02-22 0.968447 0.956134 0.0685799998957584 -0.4 5.7 0.9
2006-02-24 0.947653 0.957495 0.0685799998957584 0.699999 -0.2 -0.9
2006-02-25 0.941118 0.938635 0.0685799998957584 2.5 -1.4 -1.3
2006-02-26 0.329593 0.379225 0.0685799998957584 0.9 -0.9 -0.4
2006-02-27 0.827691 0.716235 0.0685799998957584 1.3 0.1 0.799999
2003-02-20 1 1 0.00243839999629363 -0.400002 2.1 -0.4
2003-02-21 1 1 0.00243839999629363 -0.200001 3.4 -0.8
2003-02-22 1 0.99529 0.00243839999629363 0.1 3.8 -0.0999999
2003-02-23 0.995698 0.991273 0.00243839999629363 0.1 3.2 -2.1
2003-02-24 0.396632 0.434525 0.00243839999629363 0.0999994 1.7 -0.9
2003-02-25 0.897118 0.879803 0.00243839999629363 -0.299999 5.1 0
2003-02-26 0.919419 0.894158 0.00243839999629363 0.0999994 1.6 -0.8
2003-02-27 0.8689 0.868295 0.00243839999629363 0 3.5 -0.5
2003-02-28 0.877596 0.86795 0.00243839999629363 0.7 3 -0.7
2004-02-01 0.519767 0.414342 0.00243839999629363 1.4 1.4 -1.7
2004-02-02 0.518749 0.500585 0.00243839999629363 0.6 0.9 -1.2
2004-02-03 0.537188 0.580258 0.00243839999629363 0.5 0.3 -0.8
2004-02-04 0.895418 0.955719 0.00243839999629363 -1 2 -0.0999999
2004-02-05 0.937256 0.953948 0.00243839999629363 -1.2 2.5 -1.3
2004-02-06 0.791874 0.81983 0.00243839999629363 0.5 2.3 -1
2004-02-07 0.970898 0.978369 0.00243839999629363 -0.700001 2 -0.8
2004-02-08 0.972248 0.985727 0.00243839999629363 -1.9 2.8 -0.9
2004-02-09 0.970249 0.981855 0.00243839999629363 -1.5 2.6 0.3
2004-02-10 0.954409 0.960821 0.00243839999629363 -2 3.3 -1.4
2004-02-11 0.963171 0.957823 0.00243839999629363 -0.6 3.2 0.1
2004-02-12 0.966409 0.955417 0.00243839999629363 -0.5 4 0.5
2004-02-13 0.483285 0.511028 0.00243839999629363 3 2.9 -1.7
2004-02-14 0.861973 0.8784 0.00243839999629363 0 2.9 -0.6
2004-02-15 0.60653 0.570045 0.00243839999629363 1.7 0.8 -1
2004-02-16 0.298731 0.325917 0.00243839999629363 0.200001 -0.4 -1.5
2004-02-17 0.419221 0.376366 0.00243839999629363 1.9 0.2 -1.5
2004-02-18 0.893082 0.900992 0.00243839999629363 -0.4 2 -1.5
2004-02-19 0.92605 0.955241 0.00243839999629363 0.2 2.2 -1.8
2004-02-20 0.677709 0.785354 0.00243839999629363 -1.1 2.5 -1.3
2004-02-21 0.556122 0.506479 0.00243839999629363 -0.1 0.5 -1.6
2004-02-22 0.671246 0.544411 0.00243839999629363 1.3 0.299999 -1.4
2004-02-23 0.895567 0.908378 0.00243839999629363 0.5 2.4 -1.2
2004-02-24 0.897805 0.854735 0.00243839999629363 0.999999 0 -1.9
2004-02-25 0.456894 0.427484 0.00243839999629363 0.2 -0.7 -1.4
2004-02-26 0.759545 0.698249 0.00243839999629363 0.3 1 -1.5
2004-02-27 0.945951 0.959375 0.00243839999629363 -0.7 1.3 -0.8
2004-02-28 0.966826 0.950722 0.00243839999629363 -0.400001 3 -0.8
2004-02-29 0.881 0.920822 0.00243839999629363 0.599999 1.4 -1.4
2005-02-01 0.993056 0.989448 0.00243839999629363 -0.800001 0.8 0
2005-02-02 0.980383 0.965762 0.00243839999629363 1.3 2.9 -1.3
2005-02-03 0.97508 0.977925 0.00243839999629363 0.6 2.5 -1.2
2005-02-04 0.886276 0.887716 0.00243839999629363 -0.2 1.7 -0.6
2005-02-05 0.95552 0.951158 0.00243839999629363 -0.9 2.3 -0.6
2005-02-06 0.97672 0.960083 0.00243839999629363 0.400002 4.5 -2.3
2005-02-07 0.747708 0.640689 0.00243839999629363 0.9 1.8 -2.1
2005-02-08 0.854314 0.851964 0.00243839999629363 -1.2 2.2 -1.3
2005-02-09 0.919524 0.917546 0.00243839999629363 -1.3 1.1 -0.7
2005-02-10 0.971407 0.973257 0.00243839999629363 -0.5 3.4 -0.8
2005-02-11 0.676157 0.638457 0.00243839999629363 0.3 2.7 -1.9
2005-02-12 0.96096 0.953186 0.00243839999629363 1.3 3.3 -1.3
2005-02-13 0.553717 0.568475 0.00243839999629363 0.2 0.3 -2
2005-02-14 0.452705 0.421914 0.00243839999629363 -1 0 -1.4
2005-02-15 0.387037 0.367979 0.00243839999629363 0 0.0999994 -1
2005-02-16 0.509524 0.493818 0.00243839999629363 -1.5 0.299999 -1.2
2005-02-17 0.670322 0.727077 0.00243839999629363 -0.9 1.3 -1.5
2005-02-18 0.711983 0.646222 0.00243839999629363 0.6 -0.1 -1.6
2005-02-19 0.576198 0.550838 0.00243839999629363 0.4 1.5 -1.4
2005-02-20 0.732642 0.745177 0.00243839999629363 0.700001 -0.0999994 -2.2
2005-02-21 0.747287 0.738025 0.00243839999629363 -2.1 -0.4 -1.7
2005-02-22 0.941695 0.967316 0.00243839999629363 -1 -0.700001 -1.8
2005-02-23 0.969219 0.969969 0.00243839999629363 0.299999 1.4 -1.6
2005-02-24 0.795748 0.812915 0.00243839999629363 -2.2 0.400001 -1.7
2005-02-25 0.620145 0.569506 0.00243839999629363 0.5 0.799999 -2.3
2005-02-26 0.789725 0.75163 0.00243839999629363 -0.1 0.3 -1.8
2005-02-27 0.655409 0.609563 0.00243839999629363 1 1.3 -1.5
2005-02-28 0.976064 0.98191 0.00243839999629363 -0.799999 1.8 -1.3
2006-02-01 0.403286 0.30843 0.00243839999629363 1.6 1 -0.5
2006-02-02 0.608692 0.572798 0.00243839999629363 0.5 2.8 0.3
2006-02-03 0.930207 0.931235 0.00243839999629363 -1.2 2.1 0.5
2006-02-04 0.877808 0.922267 0.00243839999629363 -1.2 1.7 -0.3
2006-02-05 0.963682 0.967984 0.00243839999629363 -1.6 1.8 -0.1
2006-02-06 0.841815 0.837954 0.00243839999629363 -1.4 3.5 0.3
2006-02-07 0.962397 0.983442 0.00243839999629363 -2.2 3.4 -0.6
2006-02-08 0.978709 0.979617 0.00243839999629363 -2 3.9 -0.3
2006-02-09 0.966166 0.970041 0.00243839999629363 -1.8 4 0.5
2006-02-10 0.969244 0.964259 0.00243839999629363 -1.4 2.9 0.7
2006-02-11 0.963873 0.961435 0.00243839999629363 -2.1 2.8 0
2006-02-12 0.914093 0.938502 0.00243839999629363 -1.8 4.6 0.5
2006-02-13 0.979773 0.960281 0.00243839999629363 -2.6 4.7 0
2006-02-14 0.95875 0.964709 0.00243839999629363 -0.1 3.2 0.2
2006-02-15 0.951265 0.962673 0.00243839999629363 -0.7 3.4 -1.2
2006-02-16 0.942858 0.978468 0.00243839999629363 0.3 3.6 -1
2006-02-17 0.610162 0.59254 0.00243839999629363 -0.799999 1.7 0.0999999
2006-02-18 0.65524 0.603105 0.00243839999629363 -0.400001 0.7 0.2
2006-02-19 0.504203 0.671146 0.00243839999629363 -1.2 1.5 -0.1
2006-02-20 0.964963 0.97175 0.00243839999629363 -0.8 3.8 0.7
2006-02-21 0.96131 0.959208 0.00243839999629363 -0.7 3.1 -0.5
2006-02-22 0.956134 0.955121 0.00243839999629363 -0.299999 2.7 -0.2
2006-02-24 0.957495 0.968028 0.00243839999629363 -0.799999 3.1 0
2006-02-25 0.938635 0.896355 0.00243839999629363 -1.8 4.4 0.3
2006-02-26 0.379225 0.410555 0.00243839999629363 0.800001 2.4 -0.2
2006-02-27 0.716235 0.614026 0.00243839999629363 0.299999 -0.1 -0.4
2003-02-20 1 1 -0.00243839999629363 0.400002 -2.1 0.4
2003-02-21 1 1 -0.00243839999629363 0.200001 -3.4 0.8
2003-02-22 0.99529 1 -0.00243839999629363 -0.1 -3.8 0.0999999
2003-02-23 0.991273 0.995698 -0.00243839999629363 -0.1 -3.2 2.1
2003-02-24 0.434525 0.396632 -0.00243839999629363 -0.0999994 -1.7 0.9
2003-02-25 0.879803 0.897118 -0.00243839999629363 0.299999 -5.1 0
2003-02-26 0.894158 0.919419 -0.00243839999629363 -0.0999994 -1.6 0.8
2003-02-27 0.868295 0.8689 -0.00243839999629363 0 -3.5 0.5
2003-02-28 0.86795 0.877596 -0.00243839999629363 -0.7 -3 0.7
2004-02-01 0.414342 0.519767 -0.00243839999629363 -1.4 -1.4 1.7
2004-02-02 0.500585 0.518749 -0.00243839999629363 -0.6 -0.9 1.2
2004-02-03 0.580258 0.537188 -0.00243839999629363 -0.5 -0.3 0.8
2004-02-04 0.955719 0.895418 -0.00243839999629363 1 -2 0.0999999
2004-02-05 0.953948 0.937256 -0.00243839999629363 1.2 -2.5 1.3
2004-02-06 0.81983 0.791874 -0.00243839999629363 -0.5 -2.3 1
2004-02-07 0.978369 0.970898 -0.00243839999629363 0.700001 -2 0.8
2004-02-08 0.985727 0.972248 -0.00243839999629363 1.9 -2.8 0.9
2004-02-09 0.981855 0.970249 -0.00243839999629363 1.5 -2.6 -0.3
2004-02-10 0.960821 0.954409 -0.00243839999629363 2 -3.3 1.4
2004-02-11 0.957823 0.963171 -0.00243839999629363 0.6 -3.2 -0.1
2004-02-12 0.955417 0.966409 -0.00243839999629363 0.5 -4 -0.5
2004-02-13 0.511028 0.483285 -0.00243839999629363 -3 -2.9 1.7
2004-02-14 0.8784 0.861973 -0.00243839999629363 0 -2.9 0.6
2004-02-15 0.570045 0.60653 -0.00243839999629363 -1.7 -0.8 1
2004-02-16 0.325917 0.298731 -0.00243839999629363 -0.200001 0.4 1.5
2004-02-17 0.376366 0.419221 -0.00243839999629363 -1.9 -0.2 1.5
2004-02-18 0.900992 0.893082 -0.00243839999629363 0.4 -2 1.5
2004-02-19 0.955241 0.92605 -0.00243839999629363 -0.2 -2.2 1.8
2004-02-20 0.785354 0.677709 -0.00243839999629363 1.1 -2.5 1.3
2004-02-21 0.506479 0.556122 -0.00243839999629363 0.1 -0.5 1.6
2004-02-22 0.544411 0.671246 -0.00243839999629363 -1.3 -0.299999 1.4
2004-02-23 0.908378 0.895567 -0.00243839999629363 -0.5 -2.4 1.2
2004-02-24 0.854735 0.897805 -0.00243839999629363 -0.999999 0 1.9
2004-02-25 0.427484 0.456894 -0.00243839999629363 -0.2 0.7 1.4
2004-02-26 0.698249 0.759545 -0.00243839999629363 -0.3 -1 1.5
2004-02-27 0.959375 0.945951 -0.00243839999629363 0.7 -1.3 0.8
2004-02-28 0.950722 0.966826 -0.00243839999629363 0.400001 -3 0.8
2004-02-29 0.920822 0.881 -0.00243839999629363 -0.599999 -1.4 1.4
2005-02-01 0.989448 0.993056 -0.00243839999629363 0.800001 -0.8 0
2005-02-02 0.965762 0.980383 -0.00243839999629363 -1.3 -2.9 1.3
2005-02-03 0.977925 0.97508 -0.00243839999629363 -0.6 -2.5 1.2
2005-02-04 0.887716 0.886276 -0.00243839999629363 0.2 -1.7 0.6
2005-02-05 0.951158 0.95552 -0.00243839999629363 0.9 -2.3 0.6
2005-02-06 0.960083 0.97672 -0.00243839999629363 -0.400002 -4.5 2.3
2005-02-07 0.640689 0.747708 -0.00243839999629363 -0.9 -1.8 2.1
2005-02-08 0.851964 0.854314 -0.00243839999629363 1.2 -2.2 1.3
2005-02-09 0.917546 0.919524 -0.00243839999629363 1.3 -1.1 0.7
2005-02-10 0.973257 0.971407 -0.00243839999629363 0.5 -3.4 0.8
2005-02-11 0.638457 0.676157 -0.00243839999629363 -0.3 -2.7 1.9
2005-02-12 0.953186 0.96096 -0.00243839999629363 -1.3 -3.3 1.3
2005-02-13 0.568475 0.553717 -0.00243839999629363 -0.2 -0.3 2
2005-02-14 0.421914 0.452705 -0.00243839999629363 1 0 1.4
2005-02-15 0.367979 0.387037 -0.00243839999629363 0 -0.0999994 1
2005-02-16 0.493818 0.509524 -0.00243839999629363 1.5 -0.299999 1.2
2005-02-17 0.727077 0.670322 -0.00243839999629363 0.9 -1.3 1.5
2005-02-18 0.646222 0.711983 -0.00243839999629363 -0.6 0.1 1.6
2005-02-19 0.550838 0.576198 -0.00243839999629363 -0.4 -1.5 1.4
2005-02-20 0.745177 0.732642 -0.00243839999629363 -0.700001 0.0999994 2.2
2005-02-21 0.738025 0.747287 -0.00243839999629363 2.1 0.4 1.7
2005-02-22 0.967316 0.941695 -0.00243839999629363 1 0.700001 1.8
2005-02-23 0.969969 0.969219 -0.00243839999629363 -0.299999 -1.4 1.6
2005-02-24 0.812915 0.795748 -0.00243839999629363 2.2 -0.400001 1.7
2005-02-25 0.569506 0.620145 -0.00243839999629363 -0.5 -0.799999 2.3
2005-02-26 0.75163 0.789725 -0.00243839999629363 0.1 -0.3 1.8
2005-02-27 0.609563 0.655409 -0.00243839999629363 -1 -1.3 1.5
2005-02-28 0.98191 0.976064 -0.00243839999629363 0.799999 -1.8 1.3
2006-02-01 0.30843 0.403286 -0.00243839999629363 -1.6 -1 0.5
2006-02-02 0.572798 0.608692 -0.00243839999629363 -0.5 -2.8 -0.3
2006-02-03 0.931235 0.930207 -0.00243839999629363 1.2 -2.1 -0.5
2006-02-04 0.922267 0.877808 -0.00243839999629363 1.2 -1.7 0.3
2006-02-05 0.967984 0.963682 -0.00243839999629363 1.6 -1.8 0.1
2006-02-06 0.837954 0.841815 -0.00243839999629363 1.4 -3.5 -0.3
2006-02-07 0.983442 0.962397 -0.00243839999629363 2.2 -3.4 0.6
2006-02-08 0.979617 0.978709 -0.00243839999629363 2 -3.9 0.3
2006-02-09 0.970041 0.966166 -0.00243839999629363 1.8 -4 -0.5
2006-02-10 0.964259 0.969244 -0.00243839999629363 1.4 -2.9 -0.7
2006-02-11 0.961435 0.963873 -0.00243839999629363 2.1 -2.8 0
2006-02-12 0.938502 0.914093 -0.00243839999629363 1.8 -4.6 -0.5
2006-02-13 0.960281 0.979773 -0.00243839999629363 2.6 -4.7 0
2006-02-14 0.964709 0.95875 -0.00243839999629363 0.1 -3.2 -0.2
2006-02-15 0.962673 0.951265 -0.00243839999629363 0.7 -3.4 1.2
2006-02-16 0.978468 0.942858 -0.00243839999629363 -0.3 -3.6 1
2006-02-17 0.59254 0.610162 -0.00243839999629363 0.799999 -1.7 -0.0999999
2006-02-18 0.603105 0.65524 -0.00243839999629363 0.400001 -0.7 -0.2
2006-02-19 0.671146 0.504203 -0.00243839999629363 1.2 -1.5 0.1
2006-02-20 0.97175 0.964963 -0.00243839999629363 0.8 -3.8 -0.7
2006-02-21 0.959208 0.96131 -0.00243839999629363 0.7 -3.1 0.5
2006-02-22 0.955121 0.956134 -0.00243839999629363 0.299999 -2.7 0.2
2006-02-24 0.968028 0.957495 -0.00243839999629363 0.799999 -3.1 0
2006-02-25 0.896355 0.938635 -0.00243839999629363 1.8 -4.4 -0.3
2006-02-26 0.410555 0.379225 -0.00243839999629363 -0.800001 -2.4 0.2
2006-02-27 0.614026 0.716235 -0.00243839999629363 -0.299999 0.1 0.4
2003-02-20 1 1 -0.0685799998957584 0.0999985 1.4 -0.5
2003-02-21 1 1 -0.0685799998957584 -0.6 0.3 -0.2
2003-02-22 1 1 -0.0685799998957584 -0.299999 1.1 0.0999999
2003-02-23 0.995698 0.990783 -0.0685799998957584 0.299999 0.0999999 -1.2
2003-02-24 0.396632 0.391697 -0.0685799998957584 -0.700001 0.0999994 -0.1
2003-02-25 0.897118 0.858674 -0.0685799998957584 -0.6 -0.2 -1.3
2003-02-26 0.919419 0.685426 -0.0685799998957584 0.599999 -2.3 -0.7
2003-02-27 0.8689 0.687433 -0.0685799998957584 0.3 0.3 -0.4
2003-02-28 0.877596 0.864495 -0.0685799998957584 0.6 0.8 0.8
2004-02-01 0.519767 0.337472 -0.0685799998957584 0.700001 0.5 0.8
2004-02-02 0.518749 0.44231 -0.0685799998957584 1.8 0.4 0
2004-02-03 0.537188 0.447146 -0.0685799998957584 1.7 0.6 0.7
2004-02-04 0.895418 0.958068 -0.0685799998957584 -0.7 0.6 0.5
2004-02-05 0.937256 0.937629 -0.0685799998957584 -0.4 1.4 1.3
2004-02-06 0.791874 0.731708 -0.0685799998957584 0.400001 -0.5 0.0999999
2004-02-07 0.970898 0.989038 -0.0685799998957584 -0.900001 -1.6 -0.6
2004-02-08 0.972248 0.936555 -0.0685799998957584 -1.2 2.1 -0.9
2004-02-09 0.970249 0.969536 -0.0685799998957584 -1.6 0.9 0.3
2004-02-10 0.954409 0.967711 -0.0685799998957584 -1.2 3.5 -1.3
2004-02-11 0.963171 0.978711 -0.0685799998957584 -1.2 -0.1 0.9
2004-02-12 0.966409 0.959329 -0.0685799998957584 -1.5 0.9 1.7
2004-02-13 0.483285 0.471482 -0.0685799998957584 -0.199999 0.0999999 1.2
2004-02-14 0.861973 0.896439 -0.0685799998957584 -1.3 1.1 1.6
2004-02-15 0.60653 0.606124 -0.0685799998957584 0.1 0.9 0.8
2004-02-16 0.298731 0.300467 -0.0685799998957584 -1 0 -0.5
2004-02-17 0.419221 0.474126 -0.0685799998957584 -0.0999985 0.799999 1
2004-02-18 0.893082 0.777825 -0.0685799998957584 -0.4 2.4 0.2
2004-02-19 0.92605 0.908372 -0.0685799998957584 -0.1 1.8 -0.2
2004-02-20 0.677709 0.732553 -0.0685799998957584 -1 2.2 0.5
2004-02-21 0.556122 0.5644 -0.0685799998957584 0 0.7 0.3
2004-02-22 0.671246 0.531714 -0.0685799998957584 1.7 0.2 -0.299999
2004-02-23 0.895567 0.801127 -0.0685799998957584 -0.1 -0.900001 -0.2
2004-02-24 0.897805 0.745526 -0.0685799998957584 1.2 0.5 -0.6
2004-02-25 0.456894 0.400463 -0.0685799998957584 -0.200001 -0.5 -0.3
2004-02-26 0.759545 0.452614 -0.0685799998957584 1.7 0.4 -0.3
2004-02-27 0.945951 0.872576 -0.0685799998957584 -1 1 0.7
2004-02-28 0.966826 0.974798 -0.0685799998957584 -0.800001 3.5 1.7
2004-02-29 0.881 0.91938 -0.0685799998957584 -0.1 1.7 0.3
2005-02-01 0.993056 0.992676 -0.0685799998957584 -1.8 2.2 2.1
2005-02-02 0.980383 0.979026 -0.0685799998957584 0.9 1.5 -0.2
2005-02-03 0.97508 0.984948 -0.0685799998957584 0.299999 0.8 0.3
2005-02-04 0.886276 0.924983 -0.0685799998957584 -2 -1.1 1.1
2005-02-05 0.95552 0.969457 -0.0685799998957584 -1.1 -0.0999999 0.6
2005-02-06 0.97672 0.988395 -0.0685799998957584 0.6 2.5 -1.9
2005-02-07 0.747708 0.632696 -0.0685799998957584 1.6 1.1 -1.6
2005-02-08 0.854314 0.876557 -0.0685799998957584 -1.7 1.3 0
2005-02-09 0.919524 0.934448 -0.0685799998957584 -1.5 -1.4 0.6
2005-02-10 0.971407 0.984797 -0.0685799998957584 -0.5 1 0.2
2005-02-11 0.676157 0.66571 -0.0685799998957584 0.400001 -0.4 -1.7
2005-02-12 0.96096 0.953482 -0.0685799998957584 0.599998 0.9 -0.8
2005-02-13 0.553717 0.545178 -0.0685799998957584 0.7 0.5 -0.599999
2005-02-14 0.452705 0.4448 -0.0685799998957584 -0.9 -1 -0.2
2005-02-15 0.387037 0.388309 -0.0685799998957584 -0.2 -0.5 0
2005-02-16 0.509524 0.55744 -0.0685799998957584 -2.9 -0.8 -0.8
2005-02-17 0.670322 0.704599 -0.0685799998957584 -0.9 -0.6 -0.900001
2005-02-18 0.711983 0.664079 -0.0685799998957584 1.1 0.599999 0.1
2005-02-19 0.576198 0.606617 -0.0685799998957584 -0.800001 -0.2 0.7
2005-02-20 0.732642 0.690481 -0.0685799998957584 0 -0.2 -0.3
2005-02-21 0.747287 0.584919 -0.0685799998957584 -3 0.1 0.5
2005-02-22 0.941695 0.928574 -0.0685799998957584 -0.300001 0.4 0.5
2005-02-23 0.969219 0.97206 -0.0685799998957584 1.9 1.1 -0.4
2005-02-24 0.795748 0.692601 -0.0685799998957584 -0.9 0.1 -0.200001
2005-02-25 0.620145 0.605726 -0.0685799998957584 0.8 1.3 -0.3
2005-02-26 0.789725 0.895255 -0.0685799998957584 -0.1 0.7 -0.3
2005-02-27 0.655409 0.67762 -0.0685799998957584 0.300001 -0.2 -0.0999994
2005-02-28 0.976064 0.964511 -0.0685799998957584 0.800001 1.1 1.4
2006-02-01 0.403286 0.456484 -0.0685799998957584 0.700001 0.2 -0.3
2006-02-02 0.608692 0.486954 -0.0685799998957584 2 1.3 0.4
2006-02-03 0.930207 0.949053 -0.0685799998957584 -1.4 2.6 1.4
2006-02-04 0.877808 0.810017 -0.0685799998957584 -0.4 1 -0.8
2006-02-05 0.963682 0.951689 -0.0685799998957584 -2.1 0.8 -0.6
2006-02-06 0.841815 0.880149 -0.0685799998957584 -1.8 0.8 0.8
2006-02-07 0.962397 0.981607 -0.0685799998957584 -2.9 1.3 0.4
2006-02-08 0.978709 0.980865 -0.0685799998957584 -2.8 0.6 0.3
2006-02-09 0.966166 0.97132 -0.0685799998957584 -2.6 0.4 2.2
2006-02-10 0.969244 0.966246 -0.0685799998957584 -2.2 0.8 1.5
2006-02-11 0.963873 0.97196 -0.0685799998957584 -1.4 1 0.8
2006-02-12 0.914093 0.926068 -0.0685799998957584 -0.300001 0.3 1.3
2006-02-13 0.979773 0.968246 -0.0685799998957584 -2.5 -0.0999999 -0.3
2006-02-14 0.95875 0.959545 -0.0685799998957584 -0.5 0.3 -0.3
2006-02-15 0.951265 0.957444 -0.0685799998957584 -0.4 1.7 -0.6
2006-02-16 0.942858 0.970726 -0.0685799998957584 0.3 1.7 1.1
2006-02-17 0.610162 0.540012 -0.0685799998957584 -1.8 -0.8 1.5
2006-02-18 0.65524 0.69702 -0.0685799998957584 -0.400001 0.1 0.8
2006-02-19 0.504203 0.580217 -0.0685799998957584 0.799999 -0.0999999 -0.2
2006-02-20 0.964963 0.97667 -0.0685799998957584 -0.200001 1.7 0.6
2006-02-21 0.96131 0.971848 -0.0685799998957584 -1.3 0.9 0.3
2006-02-22 0.956134 0.968447 -0.0685799998957584 0.4 -5.7 -0.9
2006-02-24 0.957495 0.947653 -0.0685799998957584 -0.699999 0.2 0.9
2006-02-25 0.938635 0.941118 -0.0685799998957584 -2.5 1.4 1.3
2006-02-26 0.379225 0.329593 -0.0685799998957584 -0.9 0.9 0.4
2006-02-27 0.716235 0.827691 -0.0685799998957584 -1.3 -0.1 -0.799999
2003-02-20 1 1 -0.071018399892052 0.5 -0.7 -0.0999999
2003-02-21 1 1 -0.071018399892052 -0.4 -3.1 0.6
2003-02-22 0.99529 1 -0.071018399892052 -0.4 -2.7 0.2
2003-02-23 0.991273 0.990783 -0.071018399892052 0.199999 -3.1 0.9
2003-02-24 0.434525 0.391697 -0.071018399892052 -0.8 -1.6 0.799999
2003-02-25 0.879803 0.858674 -0.071018399892052 -0.300001 -5.3 -1.3
2003-02-26 0.894158 0.685426 -0.071018399892052 0.5 -3.9 0.0999999
2003-02-27 0.868295 0.687433 -0.071018399892052 0.3 -3.2 0.0999999
2003-02-28 0.86795 0.864495 -0.071018399892052 -0.0999994 -2.2 1.5
2004-02-01 0.414342 0.337472 -0.071018399892052 -0.7 -0.9 2.5
2004-02-02 0.500585 0.44231 -0.071018399892052 1.2 -0.5 1.2
2004-02-03 0.580258 0.447146 -0.071018399892052 1.2 0.3 1.5
2004-02-04 0.955719 0.958068 -0.071018399892052 0.3 -1.4 0.6
2004-02-05 0.953948 0.937629 -0.071018399892052 0.8 -1.1 2.6
2004-02-06 0.81983 0.731708 -0.071018399892052 -0.0999994 -2.8 1.1
2004-02-07 0.978369 0.989038 -0.071018399892052 -0.2 -3.6 0.2
2004-02-08 0.985727 0.936555 -0.071018399892052 0.7 -0.7 0
2004-02-09 0.981855 0.969536 -0.071018399892052 -0.0999985 -1.7 0
2004-02-10 0.960821 0.967711 -0.071018399892052 0.800001 0.2 0.1
2004-02-11 0.957823 0.978711 -0.071018399892052 -0.599998 -3.3 0.8
2004-02-12 0.955417 0.959329 -0.071018399892052 -1 -3.1 1.2
2004-02-13 0.511028 0.471482 -0.071018399892052 -3.2 -2.8 2.9
2004-02-14 0.8784 0.896439 -0.071018399892052 -1.3 -1.8 2.2
2004-02-15 0.570045 0.606124 -0.071018399892052 -1.6 0.0999999 1.8
2004-02-16 0.325917 0.300467 -0.071018399892052 -1.2 0.4 1
2004-02-17 0.376366 0.474126 -0.071018399892052 -2 0.599999 2.5
2004-02-18 0.900992 0.777825 -0.071018399892052 0 0.4 1.7
2004-02-19 0.955241 0.908372 -0.071018399892052 -0.3 -0.4 1.6
2004-02-20 0.785354 0.732553 -0.071018399892052 0.1 -0.3 1.8
2004-02-21 0.506479 0.5644 -0.071018399892052 0.1 0.2 1.9
2004-02-22 0.544411 0.531714 -0.071018399892052 0.400001 -0.0999994 1.1
2004-02-23 0.908378 0.801127 -0.071018399892052 -0.6 -3.3 1
2004-02-24 0.854735 0.745526 -0.071018399892052 0.2 0.5 1.3
2004-02-25 0.427484 0.400463 -0.071018399892052 -0.400001 0.2 1.1
2004-02-26 0.698249 0.452614 -0.071018399892052 1.4 -0.6 1.2
2004-02-27 0.959375 0.872576 -0.071018399892052 -0.3 -0.3 1.5
2004-02-28 0.950722 0.974798 -0.071018399892052 -0.400001 0.5 2.5
2004-02-29 0.920822 0.91938 -0.071018399892052 -0.7 0.3 1.7
2005-02-01 0.989448 0.992676 -0.071018399892052 -1 1.4 2.1
2005-02-02 0.965762 0.979026 -0.071018399892052 -0.400002 -1.4 1.1
2005-02-03 0.977925 0.984948 -0.071018399892052 -0.300001 -1.7 1.5
2005-02-04 0.887716 0.924983 -0.071018399892052 -1.8 -2.8 1.7
2005-02-05 0.951158 0.969457 -0.071018399892052 -0.200001 -2.4 1.2
2005-02-06 0.960083 0.988395 -0.071018399892052 0.199999 -2 0.4
2005-02-07 0.640689 0.632696 -0.071018399892052 0.7 -0.7 0.5
2005-02-08 0.851964 0.876557 -0.071018399892052 -0.5 -0.9 1.3
2005-02-09 0.917546 0.934448 -0.071018399892052 -0.199999 -2.5 1.3
2005-02-10 0.973257 0.984797 -0.071018399892052 0 -2.4 1
2005-02-11 0.638457 0.66571 -0.071018399892052 0.1 -3.1 0.2
2005-02-12 0.953186 0.953482 -0.071018399892052 -0.700001 -2.4 0.5
2005-02-13 0.568475 0.545178 -0.071018399892052 0.5 0.2 1.4
2005-02-14 0.421914 0.4448 -0.071018399892052 0.1 -1 1.2
2005-02-15 0.367979 0.388309 -0.071018399892052 -0.2 -0.599999 1
2005-02-16 0.493818 0.55744 -0.071018399892052 -1.4 -1.1 0.400001
2005-02-17 0.727077 0.704599 -0.071018399892052 0 -1.9 0.599999
2005-02-18 0.646222 0.664079 -0.071018399892052 0.5 0.7 1.7
2005-02-19 0.550838 0.606617 -0.071018399892052 -1.2 -1.7 2.1
2005-02-20 0.745177 0.690481 -0.071018399892052 -0.700001 -0.1 1.9
2005-02-21 0.738025 0.584919 -0.071018399892052 -0.9 0.5 2.2
2005-02-22 0.967316 0.928574 -0.071018399892052 0.699999 1.1 2.3
2005-02-23 0.969969 0.97206 -0.071018399892052 1.6 -0.3 1.2
2005-02-24 0.812915 0.692601 -0.071018399892052 1.3 -0.3 1.5
2005-02-25 0.569506 0.605726 -0.071018399892052 0.3 0.5 2
2005-02-26 0.75163 0.895255 -0.071018399892052 0 0.4 1.5
2005-02-27 0.609563 0.67762 -0.071018399892052 -0.699999 -1.5 1.4
2005-02-28 0.98191 0.964511 -0.071018399892052 1.6 -0.7 2.7
2006-02-01 0.30843 0.456484 -0.071018399892052 -0.9 -0.8 0.2
2006-02-02 0.572798 0.486954 -0.071018399892052 1.5 -1.5 0.0999994
2006-02-03 0.931235 0.949053 -0.071018399892052 -0.200001 0.5 0.9
2006-02-04 0.922267 0.810017 -0.071018399892052 0.799999 -0.7 -0.5
2006-02-05 0.967984 0.951689 -0.071018399892052 -0.5 -1 -0.5
2006-02-06 0.837954 0.880149 -0.071018399892052 -0.4 -2.7 0.5
2006-02-07 0.983442 0.981607 -0.071018399892052 -0.700001 -2.1 1
2006-02-08 0.979617 0.980865 -0.071018399892052 -0.799999 -3.3 0.6
2006-02-09 0.970041 0.97132 -0.071018399892052 -0.800001 -3.6 1.7
2006-02-10 0.964259 0.966246 -0.071018399892052 -0.800001 -2.1 0.8
2006-02-11 0.961435 0.97196 -0.071018399892052 0.699999 -1.8 0.8
2006-02-12 0.938502 0.926068 -0.071018399892052 1.5 -4.3 0.8
2006-02-13 0.960281 0.968246 -0.071018399892052 0.1 -4.8 -0.3
2006-02-14 0.964709 0.959545 -0.071018399892052 -0.4 -2.9 -0.5
2006-02-15 0.962673 0.957444 -0.071018399892052 0.3 -1.7 0.6
2006-02-16 0.978468 0.970726 -0.071018399892052 0 -1.9 2.1
2006-02-17 0.59254 0.540012 -0.071018399892052 -1 -2.5 1.4
2006-02-18 0.603105 0.69702 -0.071018399892052 0 -0.6 0.6
2006-02-19 0.671146 0.580217 -0.071018399892052 2 -1.6 -0.0999999
2006-02-20 0.97175 0.97667 -0.071018399892052 0.599999 -2.1 -0.1
2006-02-21 0.959208 0.971848 -0.071018399892052 -0.6 -2.2 0.8
2006-02-22 0.955121 0.968447 -0.071018399892052 0.699999 -8.4 -0.7
2006-02-24 0.968028 0.947653 -0.071018399892052 0.1 -2.9 0.9
2006-02-25 0.896355 0.941118 -0.071018399892052 -0.700001 -3 1
2006-02-26 0.410555 0.329593 -0.071018399892052 -1.7 -1.5 0.6
2006-02-27 0.614026 0.827691 -0.071018399892052 -1.6 0 -0.4
2005-02-17 0.704599 0.724699 -0.204215999689592 -0.700001 9.1 -0.5
2005-02-18 0.664079 0.573152 -0.204215999689592 0.6 1.1 2.1
2005-02-19 0.606617 0.582395 -0.204215999689592 1.6 -0.0999999 1
2005-02-20 0.690481 0.690021 -0.204215999689592 1.1 1.3 1.1
2005-02-21 0.584919 0.649288 -0.204215999689592 1.7 1.2 1.3
2005-02-22 0.928574 0.912028 -0.204215999689592 -0.199999 -0.3 0.9
2005-02-23 0.97206 0.970062 -0.204215999689592 -1.4 -0.4 1.9
2005-02-24 0.692601 0.800682 -0.204215999689592 -2 3.4 1.3
2005-02-25 0.605726 0.574126 -0.204215999689592 1.4 1.3 0.7
2005-02-26 0.895255 0.930898 -0.204215999689592 -0.800001 2.2 2.2
2005-02-27 0.67762 0.62465 -0.204215999689592 -0.300001 1.9 2.3
2005-02-28 0.964511 0.934626 -0.204215999689592 -0.300001 1.2 0.4
2006-02-01 0.456484 0.432077 -0.204215999689592 0.2 1.5 1.6
2006-02-03 0.949053 0.955689 -0.204215999689592 -0.700001 0.3 1.4
2006-02-04 0.810017 0.72302 -0.204215999689592 1.1 2.6 0.4
2006-02-05 0.951689 0.971175 -0.204215999689592 -0.1 2.5 -0.3
2006-02-06 0.880149 0.856844 -0.204215999689592 -1.7 -1.7 1.5
2006-02-07 0.981607 0.969976 -0.204215999689592 0 -3 1.4
2006-02-08 0.980865 0.976785 -0.204215999689592 0.699999 -0.7 2.9
2006-02-09 0.97132 0.984457 -0.204215999689592 1.4 -4.6 0.6
2006-02-10 0.966246 0.971624 -0.204215999689592 -0.299999 -4.2 2.7
2006-02-11 0.97196 0.954247 -0.204215999689592 0.1 -2.7 2.1
2006-02-12 0.926068 0.966217 -0.204215999689592 -0.599998 -1.5 1.4
2006-02-13 0.968246 0.963579 -0.204215999689592 0.700001 -1.5 2.9
2006-02-14 0.959545 0.963266 -0.204215999689592 0.9 2.5 1.5
2006-02-15 0.957444 0.943825 -0.204215999689592 1 2 0.9
2006-02-16 0.970726 0.984755 -0.204215999689592 0.2 -1.8 2.6
2006-02-17 0.540012 0.596748 -0.204215999689592 -0.3 2.8 2.1
2006-02-18 0.69702 0.596194 -0.204215999689592 3 3.2 1.4
2006-02-19 0.580217 0.653279 -0.204215999689592 -0.4 1.4 1
2006-02-21 0.971848 0.96222 -0.204215999689592 1.5 -2.1 2.3
2006-02-22 0.968447 0.960949 -0.204215999689592 -0.5 5.3 3
2006-02-24 0.947653 0.961094 -0.204215999689592 -0.400002 -2.8 3.1
2006-02-25 0.941118 0.927142 -0.204215999689592 -0.1 -2.1 2.7
2006-02-26 0.329593 0.384542 -0.204215999689592 -2.8 -2 2.5
2006-02-27 0.827691 0.656496 -0.204215999689592 1.5 0.8 0.5
2005-02-17 0.670322 0.724699 -0.27279599958535 -1.6 8.5 -1.4
2005-02-18 0.711983 0.573152 -0.27279599958535 1.7 1.7 2.2
2005-02-19 0.576198 0.582395 -0.27279599958535 0.799999 -0.3 1.7
2005-02-20 0.732642 0.690021 -0.27279599958535 1.1 1.1 0.8
2005-02-21 0.747287 0.649288 -0.27279599958535 -1.3 1.3 1.8
2005-02-22 0.941695 0.912028 -0.27279599958535 -0.5 0.0999994 1.4
2005-02-23 0.969219 0.970062 -0.27279599958535 0.5 0.7 1.5
2005-02-24 0.795748 0.800682 -0.27279599958535 -2.9 3.5 1.1
2005-02-25 0.620145 0.574126 -0.27279599958535 2.2 2.6 0.4
2005-02-26 0.789725 0.930898 -0.27279599958535 -0.900002 2.9 1.9
2005-02-27 0.655409 0.62465 -0.27279599958535 0 1.7 2.2
2005-02-28 0.976064 0.934626 -0.27279599958535 0.5 2.3 1.8
2006-02-01 0.403286 0.432077 -0.27279599958535 0.900001 1.7 1.3
2006-02-03 0.930207 0.955689 -0.27279599958535 -2.1 2.9 2.8
2006-02-04 0.877808 0.72302 -0.27279599958535 0.700001 3.6 -0.4
2006-02-05 0.963682 0.971175 -0.27279599958535 -2.2 3.3 -0.9
2006-02-06 0.841815 0.856844 -0.27279599958535 -3.5 -0.9 2.3
2006-02-07 0.962397 0.969976 -0.27279599958535 -2.9 -1.7 1.8
2006-02-08 0.978709 0.976785 -0.27279599958535 -2.1 -0.0999999 3.2
2006-02-09 0.966166 0.984457 -0.27279599958535 -1.2 -4.2 2.8
2006-02-10 0.969244 0.971624 -0.27279599958535 -2.5 -3.4 4.2
2006-02-11 0.963873 0.954247 -0.27279599958535 -1.3 -1.7 2.9
2006-02-12 0.914093 0.966217 -0.27279599958535 -0.9 -1.2 2.7
2006-02-13 0.979773 0.963579 -0.27279599958535 -1.8 -1.6 2.6
2006-02-14 0.95875 0.963266 -0.27279599958535 0.4 2.8 1.2
2006-02-15 0.951265 0.943825 -0.27279599958535 0.6 3.7 0.3
2006-02-16 0.942858 0.984755 -0.27279599958535 0.5 -0.1 3.7
2006-02-17 0.610162 0.596748 -0.27279599958535 -2.1 2 3.6
2006-02-18 0.65524 0.596194 -0.27279599958535 2.6 3.3 2.2
2006-02-19 0.504203 0.653279 -0.27279599958535 0.4 1.3 0.8
2006-02-21 0.96131 0.96222 -0.27279599958535 0.2 -1.2 2.6
2006-02-22 0.956134 0.960949 -0.27279599958535 -0.1 -0.4 2.1
2006-02-24 0.957495 0.961094 -0.27279599958535 -1.1 -2.6 4
2006-02-25 0.938635 0.927142 -0.27279599958535 -2.6 -0.7 4
2006-02-26 0.379225 0.384542 -0.27279599958535 -3.7 -1.1 2.9
2006-02-27 0.716235 0.656496 -0.27279599958535 0.200001 0.7 -0.299999
2005-02-17 0.727077 0.724699 -0.275234399581644 -0.700001 7.2 0.0999994
2005-02-18 0.646222 0.573152 -0.275234399581644 1.1 1.8 3.8
2005-02-19 0.550838 0.582395 -0.275234399581644 0.4 -1.8 3.1
2005-02-20 0.745177 0.690021 -0.275234399581644 0.4 1.2 3
2005-02-21 0.738025 0.649288 -0.275234399581644 0.799999 1.7 3.5
2005-02-22 0.967316 0.912028 -0.275234399581644 0.5 0.8 3.2
2005-02-23 0.969969 0.970062 -0.275234399581644 0.200001 -0.7 3.1
2005-02-24 0.812915 0.800682 -0.275234399581644 -0.700001 3.1 2.8
2005-02-25 0.569506 0.574126 -0.275234399581644 1.7 1.8 2.7
2005-02-26 0.75163 0.930898 -0.275234399581644 -0.800001 2.6 3.7
2005-02-27 0.609563 0.62465 -0.275234399581644 -1 0.4 3.7
2005-02-28 0.98191 0.934626 -0.275234399581644 1.3 0.5 3.1
2006-02-01 0.30843 0.432077 -0.275234399581644 -0.7 0.7 1.8
2006-02-03 0.931235 0.955689 -0.275234399581644 -0.900002 0.8 2.3
2006-02-04 0.922267 0.72302 -0.275234399581644 1.9 1.9 -0.1
2006-02-05 0.967984 0.971175 -0.275234399581644 -0.6 1.5 -0.8
2006-02-06 0.837954 0.856844 -0.275234399581644 -2.1 -4.4 2
2006-02-07 0.983442 0.969976 -0.275234399581644 -0.700001 -5.1 2.4
2006-02-08 0.979617 0.976785 -0.275234399581644 -0.1 -4 3.5
2006-02-09 0.970041 0.984457 -0.275234399581644 0.6 -8.2 2.3
2006-02-10 0.964259 0.971624 -0.275234399581644 -1.1 -6.3 3.5
2006-02-11 0.961435 0.954247 -0.275234399581644 0.799999 -4.5 2.9
2006-02-12 0.938502 0.966217 -0.275234399581644 0.900002 -5.8 2.2
2006-02-13 0.960281 0.963579 -0.275234399581644 0.800001 -6.3 2.6
2006-02-14 0.964709 0.963266 -0.275234399581644 0.5 -0.4 1
2006-02-15 0.962673 0.943825 -0.275234399581644 1.3 0.3 1.5
2006-02-16 0.978468 0.984755 -0.275234399581644 0.2 -3.7 4.7
2006-02-17 0.59254 0.596748 -0.275234399581644 -1.3 0.3 3.5
2006-02-18 0.603105 0.596194 -0.275234399581644 3 2.6 2
2006-02-19 0.671146 0.653279 -0.275234399581644 1.6 -0.2 0.9
2006-02-21 0.959208 0.96222 -0.275234399581644 0.9 -4.3 3.1
2006-02-22 0.955121 0.960949 -0.275234399581644 0.199999 -3.1 2.3
2006-02-24 0.968028 0.961094 -0.275234399581644 -0.300001 -5.7 4
2006-02-25 0.896355 0.927142 -0.275234399581644 -0.800001 -5.1 3.7
2006-02-26 0.410555 0.384542 -0.275234399581644 -4.5 -3.5 3.1
2006-02-27 0.614026 0.656496 -0.275234399581644 -0.0999985 0.8 0.1
2005-02-17 0.724699 0.661781 -0.562355999145219 1.9 -6.4 6
2005-02-18 0.573152 0.570523 -0.562355999145219 5.9 3.8 3.2
2005-02-19 0.582395 0.53414 -0.562355999145219 4.2 4.3 3.3
2005-02-20 0.690021 0.646897 -0.562355999145219 6 3.9 3
2005-02-21 0.649288 0.654071 -0.562355999145219 4.7 3.7 3.1
2005-02-22 0.912028 0.883211 -0.562355999145219 5.1 3.5 3
2005-02-23 0.970062 0.967237 -0.562355999145219 5.2 2.1 2.8
2005-02-24 0.800682 0.851052 -0.562355999145219 3.6 1.7 1.8
2005-02-25 0.574126 0.782083 -0.562355999145219 1.9 3.3 2.8
2005-02-26 0.930898 0.911313 -0.562355999145219 4.1 2.4 2.1
2005-02-27 0.62465 0.684759 -0.562355999145219 5.1 4.8 3.3
2005-02-28 0.934626 0.948409 -0.562355999145219 5 3.4 2.3
2006-02-01 0.432077 0.439704 -0.562355999145219 4.3 3.1 1.6
2006-02-03 0.955689 0.945968 -0.562355999145219 4.1 1.1 1.9
2006-02-04 0.72302 0.491248 -0.562355999145219 6.1 0.2 1.3
2006-02-05 0.971175 0.981298 -0.562355999145219 -0.300001 -1.5 2.8
2006-02-06 0.856844 0.868404 -0.562355999145219 -0.199999 0.9 5.7
2006-02-07 0.969976 0.972483 -0.562355999145219 1.5 -1.3 6.5
2006-02-08 0.976785 0.977542 -0.562355999145219 1 -2.9 4.7
2006-02-09 0.984457 0.975362 -0.562355999145219 0.5 1.7 6.8
2006-02-10 0.971624 0.982003 -0.562355999145219 1.9 0.9 3.8
2006-02-11 0.954247 0.886508 -0.562355999145219 2.1 1.7 3.6
2006-02-12 0.966217 0.958926 -0.562355999145219 0.799999 0.3 3.6
2006-02-13 0.963579 0.965967 -0.562355999145219 2.4 1.5 3.5
2006-02-14 0.963266 0.975722 -0.562355999145219 3.6 2.8 2.2
2006-02-15 0.943825 0.899566 -0.562355999145219 5 0.5 2.6
2006-02-16 0.984755 0.962693 -0.562355999145219 4.8 2.7 3.6
2006-02-17 0.596748 0.452494 -0.562355999145219 5.7 1.5 4.2
2006-02-18 0.596194 0.519972 -0.562355999145219 4.3 1.6 2.3
2006-02-19 0.653279 0.497292 -0.562355999145219 5.6 4.3 3.1
2006-02-21 0.96222 0.946595 -0.562355999145219 4.5 3.2 3.4
2006-02-22 0.960949 0.968197 -0.562355999145219 4 1.5 1.9
2006-02-24 0.961094 0.978793 -0.562355999145219 3.8 2.6 2
2006-02-25 0.927142 0.95215 -0.562355999145219 4.4 3.6 3.9
2006-02-26 0.384542 0.448699 -0.562355999145219 3.6 3 4.1
2006-02-27 0.656496 0.715122 -0.562355999145219 3.8 1.2 2.2
2003-02-20 1 1 -0.766571998834811 3.9 2.6 2.5
2003-02-21 1 1 -0.766571998834811 3.9 1 2.6
2003-02-22 1 0.997124 -0.766571998834811 4.5 0 1.7
2003-02-23 0.990783 0.988018 -0.766571998834811 3.2 0.8 3
2003-02-24 0.391697 0.395311 -0.766571998834811 5.1 4.2 3.5
2003-02-25 0.858674 0.938697 -0.766571998834811 4.8 4.3 2.3
2003-02-26 0.685426 0.846007 -0.766571998834811 5.4 3.6 3.1
2003-02-27 0.687433 0.624448 -0.766571998834811 7.2 2.9 2.4
2003-02-28 0.864495 0.927082 -0.766571998834811 5.1 2.1 2.3
2004-02-01 0.337472 0.551862 -0.766571998834811 4.6 2.5 1.9
2004-02-02 0.44231 0.29075 -0.766571998834811 2.7 5.5 2.8
2004-02-03 0.447146 0.525853 -0.766571998834811 5.3 4.8 3.5
2004-02-04 0.958068 0.977059 -0.766571998834811 4.1 3.8 3.2
2004-02-05 0.937629 0.959367 -0.766571998834811 2 -0.1 3.7
2004-02-06 0.731708 0.674772 -0.766571998834811 3.3 4.2 5.8
2004-02-07 0.989038 0.987878 -0.766571998834811 3.5 2.8 2.5
2004-02-08 0.936555 0.983837 -0.766571998834811 4.2 -0.4 3.2
2004-02-09 0.969536 0.985428 -0.766571998834811 3.2 0.5 4.8
2004-02-10 0.967711 0.977488 -0.766571998834811 2.3 -1.7 4.3
2004-02-11 0.978711 0.979541 -0.766571998834811 2.6 0.3 2.6
2004-02-12 0.959329 0.983421 -0.766571998834811 1.9 -1.3 5.7
2004-02-13 0.471482 0.559376 -0.766571998834811 3 1.7 5.1
2004-02-14 0.896439 0.92427 -0.766571998834811 4.4 0.8 4.1
2004-02-15 0.606124 0.5911 -0.766571998834811 3.5 3.2 2.8
2004-02-16 0.300467 0.26019 -0.766571998834811 4.2 2.3 1.6
2004-02-17 0.474126 0.447473 -0.766571998834811 3.5 3.8 4.6
2004-02-18 0.777825 0.427255 -0.766571998834811 8.2 4 2.9
2004-02-19 0.908372 0.944691 -0.766571998834811 3.8 1.6 1.4
2004-02-20 0.732553 0.689586 -0.766571998834811 5.2 2.1 2.3
2004-02-21 0.5644 0.46969 -0.766571998834811 6.5 4.4 2.4
2004-02-22 0.531714 0.462555 -0.766571998834811 5.5 4.6 3.1
2004-02-23 0.801127 0.861119 -0.766571998834811 4.9 4.1 2.3
2004-02-24 0.745526 0.444034 -0.766571998834811 6.7 4.3 2.6
2004-02-25 0.400463 0.329524 -0.766571998834811 4.7 4.8 2.9
2004-02-26 0.452614 0.355563 -0.766571998834811 6.7 5.8 4.1
2004-02-27 0.872576 0.824559 -0.766571998834811 5.6 3.5 2.5
2004-02-28 0.974798 0.983706 -0.766571998834811 4.1 1.3 2.5
2004-02-29 0.91938 0.909332 -0.766571998834811 4.3 4 2.5
2005-02-01 0.992676 0.969237 -0.766571998834811 1.6 -4.2 9
2005-02-02 0.979026 0.96522 -0.766571998834811 -0.699999 -3.9 8.2
2005-02-03 0.984948 0.968969 -0.766571998834811 1 -2 4.3
2005-02-04 0.924983 0.910266 -0.766571998834811 1.7 0.7 6.7
2005-02-05 0.969457 0.945553 -0.766571998834811 2.9 1 4.7
2005-02-06 0.988395 0.958506 -0.766571998834811 4.6 0.0999999 2.8
2005-02-07 0.632696 0.511131 -0.766571998834811 7.8 3.8 4
2005-02-08 0.876557 0.846873 -0.766571998834811 5.4 4.3 3.7
2005-02-09 0.934448 0.888304 -0.766571998834811 3 2.8 4.1
2005-02-10 0.984797 0.959351 -0.766571998834811 2.6 0.6 4.2
2005-02-11 0.66571 0.735847 -0.766571998834811 0.299999 -0.7 4.8
2005-02-12 0.953482 0.965738 -0.766571998834811 4.3 0.9 3.1
2005-02-13 0.545178 0.552823 -0.766571998834811 3.1 4.2 3.7
2005-02-14 0.4448 0.38789 -0.766571998834811 5.2 5.1 4.2
2005-02-15 0.388309 0.421861 -0.766571998834811 4.5 4.9 4.5
2005-02-16 0.55744 0.668842 -0.766571998834811 2.4 4.4 4.3
2005-02-17 0.704599 0.661781 -0.766571998834811 1.2 2.7 5.5
2005-02-18 0.664079 0.570523 -0.766571998834811 6.5 4.9 5.3
2005-02-19 0.606617 0.53414 -0.766571998834811 5.8 4.2 4.3
2005-02-20 0.690481 0.646897 -0.766571998834811 7.1 5.2 4.1
2005-02-21 0.584919 0.654071 -0.766571998834811 6.4 4.9 4.4
2005-02-22 0.928574 0.883211 -0.766571998834811 4.9 3.2 3.9
2005-02-23 0.97206 0.967237 -0.766571998834811 3.8 1.7 4.7
2005-02-24 0.692601 0.851052 -0.766571998834811 1.6 5.1 3.1
2005-02-25 0.605726 0.782083 -0.766571998834811 3.3 4.6 3.5
2005-02-26 0.895255 0.911313 -0.766571998834811 3.3 4.6 4.3
2005-02-27 0.67762 0.684759 -0.766571998834811 4.8 6.7 5.6
2005-02-28 0.964511 0.948409 -0.766571998834811 4.7 4.6 2.7
2006-02-01 0.456484 0.439704 -0.766571998834811 4.5 4.6 3.2
2006-02-02 0.486954 0.285336 -0.766571998834811 5.7 2.9 2.9
2006-02-03 0.949053 0.945968 -0.766571998834811 3.4 1.4 3.3
2006-02-04 0.810017 0.491248 -0.766571998834811 7.2 2.8 1.7
2006-02-05 0.951689 0.981298 -0.766571998834811 -0.400002 1 2.5
2006-02-06 0.880149 0.868404 -0.766571998834811 -1.9 -0.8 7.2
2006-02-07 0.981607 0.972483 -0.766571998834811 1.5 -4.3 7.9
2006-02-08 0.980865 0.977542 -0.766571998834811 1.7 -3.6 7.6
2006-02-09 0.97132 0.975362 -0.766571998834811 1.9 -2.9 7.4
2006-02-10 0.966246 0.982003 -0.766571998834811 1.6 -3.3 6.5
2006-02-11 0.97196 0.886508 -0.766571998834811 2.2 -1 5.7
2006-02-12 0.926068 0.958926 -0.766571998834811 0.200001 -1.2 5
2006-02-13 0.968246 0.965967 -0.766571998834811 3.1 0 6.4
2006-02-14 0.959545 0.975722 -0.766571998834811 4.5 5.3 3.7
2006-02-15 0.957444 0.899566 -0.766571998834811 6 2.5 3.5
2006-02-16 0.970726 0.962693 -0.766571998834811 5 0.9 6.2
2006-02-17 0.540012 0.452494 -0.766571998834811 5.4 4.3 6.3
2006-02-18 0.69702 0.519972 -0.766571998834811 7.3 4.8 3.7
2006-02-19 0.580217 0.497292 -0.766571998834811 5.2 5.7 4.1
2006-02-20 0.97667 0.825706 -0.766571998834811 6.2 3.2 3.6
2006-02-21 0.971848 0.946595 -0.766571998834811 6 1.1 5.7
2006-02-22 0.968447 0.968197 -0.766571998834811 3.5 6.8 4.9
2006-02-24 0.947653 0.978793 -0.766571998834811 3.4 -0.2 5.1
2006-02-25 0.941118 0.95215 -0.766571998834811 4.3 1.5 6.6
2006-02-26 0.329593 0.448699 -0.766571998834811 0.799999 1 6.6
2006-02-27 0.827691 0.715122 -0.766571998834811 5.3 2 2.7
2003-02-20 1 1 -0.835151998730569 4 4 2
2003-02-21 1 1 -0.835151998730569 3.3 1.3 2.4
2003-02-22 1 0.997124 -0.835151998730569 4.2 1.1 1.8
2003-02-23 0.995698 0.988018 -0.835151998730569 3.5 0.9 1.8
2003-02-24 0.396632 0.395311 -0.835151998730569 4.4 4.3 3.4
2003-02-25 0.897118 0.938697 -0.835151998730569 4.2 4.1 1
2003-02-26 0.919419 0.846007 -0.835151998730569 6 1.3 2.4
2003-02-27 0.8689 0.624448 -0.835151998730569 7.5 3.2 2
2003-02-28 0.877596 0.927082 -0.835151998730569 5.7 2.9 3.1
2004-02-01 0.519767 0.551862 -0.835151998730569 5.3 3 2.7
2004-02-02 0.518749 0.29075 -0.835151998730569 4.5 5.9 2.8
2004-02-03 0.537188 0.525853 -0.835151998730569 7 5.4 4.2
2004-02-04 0.895418 0.977059 -0.835151998730569 3.4 4.4 3.7
2004-02-05 0.937256 0.959367 -0.835151998730569 1.6 1.3 5
2004-02-06 0.791874 0.674772 -0.835151998730569 3.7 3.7 5.9
2004-02-07 0.970898 0.987878 -0.835151998730569 2.6 1.2 1.9
2004-02-08 0.972248 0.983837 -0.835151998730569 3 1.7 2.3
2004-02-09 0.970249 0.985428 -0.835151998730569 1.6 1.4 5.1
2004-02-10 0.954409 0.977488 -0.835151998730569 1.1 1.8 3
2004-02-11 0.963171 0.979541 -0.835151998730569 1.4 0.2 3.5
2004-02-12 0.966409 0.983421 -0.835151998730569 0.4 -0.4 7.4
2004-02-13 0.483285 0.559376 -0.835151998730569 2.8 1.8 6.3
2004-02-14 0.861973 0.92427 -0.835151998730569 3.1 1.9 5.7
2004-02-15 0.60653 0.5911 -0.835151998730569 3.6 4.1 3.6
2004-02-16 0.298731 0.26019 -0.835151998730569 3.2 2.3 1.1
2004-02-17 0.419221 0.447473 -0.835151998730569 3.4 4.6 5.6
2004-02-18 0.893082 0.427255 -0.835151998730569 7.8 6.4 3.1
2004-02-19 0.92605 0.944691 -0.835151998730569 3.7 3.4 1.2
2004-02-20 0.677709 0.689586 -0.835151998730569 4.2 4.3 2.8
2004-02-21 0.556122 0.46969 -0.835151998730569 6.5 5.1 2.7
2004-02-22 0.671246 0.462555 -0.835151998730569 7.2 4.8 2.8
2004-02-23 0.895567 0.861119 -0.835151998730569 4.8 3.2 2.1
2004-02-24 0.897805 0.444034 -0.835151998730569 7.9 4.8 2
2004-02-25 0.456894 0.329524 -0.835151998730569 4.5 4.3 2.6
2004-02-26 0.759545 0.355563 -0.835151998730569 8.4 6.2 3.8
2004-02-27 0.945951 0.824559 -0.835151998730569 4.6 4.5 3.2
2004-02-28 0.966826 0.983706 -0.835151998730569 3.3 4.8 4.2
2004-02-29 0.881 0.909332 -0.835151998730569 4.2 5.7 2.8
2005-02-01 0.993056 0.969237 -0.835151998730569 -0.200001 -2 11.1
2005-02-02 0.980383 0.96522 -0.835151998730569 0.200001 -2.4 8
2005-02-03 0.97508 0.968969 -0.835151998730569 1.3 -1.2 4.6
2005-02-04 0.886276 0.910266 -0.835151998730569 -0.3 -0.4 7.8
2005-02-05 0.95552 0.945553 -0.835151998730569 1.8 0.9 5.3
2005-02-06 0.97672 0.958506 -0.835151998730569 5.2 2.6 0.9
2005-02-07 0.747708 0.511131 -0.835151998730569 9.4 4.9 2.4
2005-02-08 0.854314 0.846873 -0.835151998730569 3.7 5.6 3.7
2005-02-09 0.919524 0.888304 -0.835151998730569 1.5 1.4 4.7
2005-02-10 0.971407 0.959351 -0.835151998730569 2.1 1.6 4.4
2005-02-11 0.676157 0.735847 -0.835151998730569 0.7 -1.1 3.1
2005-02-12 0.96096 0.965738 -0.835151998730569 4.9 1.8 2.3
2005-02-13 0.553717 0.552823 -0.835151998730569 3.8 4.7 3.1
2005-02-14 0.452705 0.38789 -0.835151998730569 4.3 4.1 4
2005-02-15 0.387037 0.421861 -0.835151998730569 4.3 4.4 4.5
2005-02-16 0.509524 0.668842 -0.835151998730569 -0.5 3.6 3.5
2005-02-17 0.670322 0.661781 -0.835151998730569 0.3 2.1 4.6
2005-02-18 0.711983 0.570523 -0.835151998730569 7.6 5.5 5.4
2005-02-19 0.576198 0.53414 -0.835151998730569 5 4 5
2005-02-20 0.732642 0.646897 -0.835151998730569 7.1 5 3.8
2005-02-21 0.747287 0.654071 -0.835151998730569 3.4 5 4.9
2005-02-22 0.941695 0.883211 -0.835151998730569 4.6 3.6 4.4
2005-02-23 0.969219 0.967237 -0.835151998730569 5.7 2.8 4.3
2005-02-24 0.795748 0.851052 -0.835151998730569 0.7 5.2 2.9
2005-02-25 0.620145 0.782083 -0.835151998730569 4.1 5.9 3.2
2005-02-26 0.789725 0.911313 -0.835151998730569 3.2 5.3 4
2005-02-27 0.655409 0.684759 -0.835151998730569 5.1 6.5 5.5
2005-02-28 0.976064 0.948409 -0.835151998730569 5.5 5.7 4.1
2006-02-01 0.403286 0.439704 -0.835151998730569 5.2 4.8 2.9
2006-02-02 0.608692 0.285336 -0.835151998730569 7.7 4.2 3.3
2006-02-03 0.930207 0.945968 -0.835151998730569 2 4 4.7
2006-02-04 0.877808 0.491248 -0.835151998730569 6.8 3.8 0.9
2006-02-05 0.963682 0.981298 -0.835151998730569 -2.5 1.8 1.9
2006-02-06 0.841815 0.868404 -0.835151998730569 -3.7 0 8
2006-02-07 0.962397 0.972483 -0.835151998730569 -1.4 -3 8.3
2006-02-08 0.978709 0.977542 -0.835151998730569 -1.1 -3 7.9
2006-02-09 0.966166 0.975362 -0.835151998730569 -0.699999 -2.5 9.6
2006-02-10 0.969244 0.982003 -0.835151998730569 -0.6 -2.5 8
2006-02-11 0.963873 0.886508 -0.835151998730569 0.799999 0 6.5
2006-02-12 0.914093 0.958926 -0.835151998730569 -0.1 -0.9 6.3
2006-02-13 0.979773 0.965967 -0.835151998730569 0.6 -0.0999999 6.1
2006-02-14 0.95875 0.975722 -0.835151998730569 4 5.6 3.4
2006-02-15 0.951265 0.899566 -0.835151998730569 5.6 4.2 2.9
2006-02-16 0.942858 0.962693 -0.835151998730569 5.3 2.6 7.3
2006-02-17 0.610162 0.452494 -0.835151998730569 3.6 3.5 7.8
2006-02-18 0.65524 0.519972 -0.835151998730569 6.9 4.9 4.5
2006-02-19 0.504203 0.497292 -0.835151998730569 6 5.6 3.9
2006-02-20 0.964963 0.825706 -0.835151998730569 6 4.9 4.2
2006-02-21 0.96131 0.946595 -0.835151998730569 4.7 2 6
2006-02-22 0.956134 0.968197 -0.835151998730569 3.9 1.1 4
2006-02-24 0.957495 0.978793 -0.835151998730569 2.7 0 6
2006-02-25 0.938635 0.95215 -0.835151998730569 1.8 2.9 7.9
2006-02-26 0.379225 0.448699 -0.835151998730569 -0.1 1.9 7
2006-02-27 0.716235 0.715122 -0.835151998730569 4 1.9 1.9
2003-02-20 1 1 -0.837590398726863 4.4 1.9 2.4
2003-02-21 1 1 -0.837590398726863 3.5 -2.1 3.2
2003-02-22 0.99529 0.997124 -0.837590398726863 4.1 -2.7 1.9
2003-02-23 0.991273 0.988018 -0.837590398726863 3.4 -2.3 3.9
2003-02-24 0.434525 0.395311 -0.837590398726863 4.3 2.6 4.3
2003-02-25 0.879803 0.938697 -0.837590398726863 4.5 -1 1
2003-02-26 0.894158 0.846007 -0.837590398726863 5.9 -0.3 3.2
2003-02-27 0.868295 0.624448 -0.837590398726863 7.5 -0.3 2.5
2003-02-28 0.86795 0.927082 -0.837590398726863 5 -0.1 3.8
2004-02-01 0.414342 0.551862 -0.837590398726863 3.9 1.6 4.4
2004-02-02 0.500585 0.29075 -0.837590398726863 3.9 5 4
2004-02-03 0.580258 0.525853 -0.837590398726863 6.5 5.1 5
2004-02-04 0.955719 0.977059 -0.837590398726863 4.4 2.4 3.8
2004-02-05 0.953948 0.959367 -0.837590398726863 2.8 -1.2 6.3
2004-02-06 0.81983 0.674772 -0.837590398726863 3.2 1.4 6.9
2004-02-07 0.978369 0.987878 -0.837590398726863 3.3 -0.8 2.7
2004-02-08 0.985727 0.983837 -0.837590398726863 4.9 -1.1 3.2
2004-02-09 0.981855 0.985428 -0.837590398726863 3.1 -1.2 4.8
2004-02-10 0.960821 0.977488 -0.837590398726863 3.1 -1.5 4.4
2004-02-11 0.957823 0.979541 -0.837590398726863 2 -3 3.4
2004-02-12 0.955417 0.983421 -0.837590398726863 0.9 -4.4 6.9
2004-02-13 0.511028 0.559376 -0.837590398726863 -0.2 -1.1 8
2004-02-14 0.8784 0.92427 -0.837590398726863 3.1 -1 6.3
2004-02-15 0.570045 0.5911 -0.837590398726863 1.9 3.3 4.6
2004-02-16 0.325917 0.26019 -0.837590398726863 3 2.7 2.6
2004-02-17 0.376366 0.447473 -0.837590398726863 1.5 4.4 7.1
2004-02-18 0.900992 0.427255 -0.837590398726863 8.2 4.4 4.6
2004-02-19 0.955241 0.944691 -0.837590398726863 3.5 1.2 3
2004-02-20 0.785354 0.689586 -0.837590398726863 5.3 1.8 4.1
2004-02-21 0.506479 0.46969 -0.837590398726863 6.6 4.6 4.3
2004-02-22 0.544411 0.462555 -0.837590398726863 5.9 4.5 4.2
2004-02-23 0.908378 0.861119 -0.837590398726863 4.3 0.8 3.3
2004-02-24 0.854735 0.444034 -0.837590398726863 6.9 4.8 3.9
2004-02-25 0.427484 0.329524 -0.837590398726863 4.3 5 4
2004-02-26 0.698249 0.355563 -0.837590398726863 8.1 5.2 5.3
2004-02-27 0.959375 0.824559 -0.837590398726863 5.3 3.2 4
2004-02-28 0.950722 0.983706 -0.837590398726863 3.7 1.8 5
2004-02-29 0.920822 0.909332 -0.837590398726863 3.6 4.3 4.2
2005-02-01 0.989448 0.969237 -0.837590398726863 0.6 -2.8 11.1
2005-02-02 0.965762 0.96522 -0.837590398726863 -1.1 -5.3 9.3
2005-02-03 0.977925 0.968969 -0.837590398726863 0.699999 -3.7 5.8
2005-02-04 0.887716 0.910266 -0.837590398726863 -0.1 -2.1 8.4
2005-02-05 0.951158 0.945553 -0.837590398726863 2.7 -1.4 5.9
2005-02-06 0.960083 0.958506 -0.837590398726863 4.8 -1.9 3.2
2005-02-07 0.640689 0.511131 -0.837590398726863 8.5 3.1 4.5
2005-02-08 0.851964 0.846873 -0.837590398726863 4.9 3.4 5
2005-02-09 0.917546 0.888304 -0.837590398726863 2.8 0.3 5.4
2005-02-10 0.973257 0.959351 -0.837590398726863 2.6 -1.8 5.2
2005-02-11 0.638457 0.735847 -0.837590398726863 0.4 -3.8 5
2005-02-12 0.953186 0.965738 -0.837590398726863 3.6 -1.5 3.6
2005-02-13 0.568475 0.552823 -0.837590398726863 3.6 4.4 5.1
2005-02-14 0.421914 0.38789 -0.837590398726863 5.3 4.1 5.4
2005-02-15 0.367979 0.421861 -0.837590398726863 4.3 4.3 5.5
2005-02-16 0.493818 0.668842 -0.837590398726863 1 3.3 4.7
2005-02-17 0.727077 0.661781 -0.837590398726863 1.2 0.8 6.1
2005-02-18 0.646222 0.570523 -0.837590398726863 7 5.6 7
2005-02-19 0.550838 0.53414 -0.837590398726863 4.6 2.5 6.4
2005-02-20 0.745177 0.646897 -0.837590398726863 6.4 5.1 6
2005-02-21 0.738025 0.654071 -0.837590398726863 5.5 5.4 6.6
2005-02-22 0.967316 0.883211 -0.837590398726863 5.6 4.3 6.2
2005-02-23 0.969969 0.967237 -0.837590398726863 5.4 1.4 5.9
2005-02-24 0.812915 0.851052 -0.837590398726863 2.9 4.8 4.6
2005-02-25 0.569506 0.782083 -0.837590398726863 3.6 5.1 5.5
2005-02-26 0.75163 0.911313 -0.837590398726863 3.3 5 5.8
2005-02-27 0.609563 0.684759 -0.837590398726863 4.1 5.2 7
2005-02-28 0.98191 0.948409 -0.837590398726863 6.3 3.9 5.4
2006-02-01 0.30843 0.439704 -0.837590398726863 3.6 3.8 3.4
2006-02-02 0.572798 0.285336 -0.837590398726863 7.2 1.4 3
2006-02-03 0.931235 0.945968 -0.837590398726863 3.2 1.9 4.2
2006-02-04 0.922267 0.491248 -0.837590398726863 8 2.1 1.2
2006-02-05 0.967984 0.981298 -0.837590398726863 -0.900002 0 2
2006-02-06 0.837954 0.868404 -0.837590398726863 -2.3 -3.5 7.7
2006-02-07 0.983442 0.972483 -0.837590398726863 0.799999 -6.4 8.9
2006-02-08 0.979617 0.977542 -0.837590398726863 0.9 -6.9 8.2
2006-02-09 0.970041 0.975362 -0.837590398726863 1.1 -6.5 9.1
2006-02-10 0.964259 0.982003 -0.837590398726863 0.799999 -5.4 7.3
2006-02-11 0.961435 0.886508 -0.837590398726863 2.9 -2.8 6.5
2006-02-12 0.938502 0.958926 -0.837590398726863 1.7 -5.5 5.8
2006-02-13 0.960281 0.965967 -0.837590398726863 3.2 -4.8 6.1
2006-02-14 0.964709 0.975722 -0.837590398726863 4.1 2.4 3.2
2006-02-15 0.962673 0.899566 -0.837590398726863 6.3 0.8 4.1
2006-02-16 0.978468 0.962693 -0.837590398726863 5 -1 8.3
2006-02-17 0.59254 0.452494 -0.837590398726863 4.4 1.8 7.7
2006-02-18 0.603105 0.519972 -0.837590398726863 7.3 4.2 4.3
2006-02-19 0.671146 0.497292 -0.837590398726863 7.2 4.1 4
2006-02-20 0.97175 0.825706 -0.837590398726863 6.8 1.1 3.5
2006-02-21 0.959208 0.946595 -0.837590398726863 5.4 -1.1 6.5
2006-02-22 0.955121 0.968197 -0.837590398726863 4.2 -1.6 4.2
2006-02-24 0.968028 0.978793 -0.837590398726863 3.5 -3.1 6
2006-02-25 0.896355 0.95215 -0.837590398726863 3.6 -1.5 7.6
2006-02-26 0.410555 0.448699 -0.837590398726863 -0.900002 -0.5 7.2
2006-02-27 0.614026 0.715122 -0.837590398726863 3.7 2 2.3
