d_date k1 k2 delta_z delta_max_at delta_min_at delta_dewp
2003-03-01 0.967769 0.968627 0.5455919991707 -3.3 -5.4 -2.7
2003-03-02 0.940081 0.984698 0.5455919991707 -3.7 -5.6 -2.9
2003-03-03 0.845944 0.840804 0.5455919991707 -3.6 -6.2 -2.8
2003-03-04 0.60312 0.665064 0.5455919991707 -2.9 -4.9 -2
2003-03-05 0.997777 0.958848 0.5455919991707 -3.4 -4.9 -1.2
2003-03-06 0.954885 0.993164 0.5455919991707 -1.9 -5.6 -2.4
2003-03-10 0.886141 0.941448 0.5455919991707 -2.5 -6.5 -3.2
2003-03-11 0.934232 0.913432 0.5455919991707 -3.1 -6.8 -3.2
2003-03-12 0.903193 0.958202 0.5455919991707 -4 -8.7 -3.3
2003-03-13 0.684934 0.811082 0.5455919991707 -3.2 -7 -3.8
2003-03-14 0.926745 0.905506 0.5455919991707 -2.4 -7.9 -2.8
2003-03-15 0.788324 0.494676 0.5455919991707 -4.8 -2.9 -2.3
2003-03-16 0.653001 0.894591 0.5455919991707 -2.8 -3.6 -2.8
2003-03-17 0.823348 0.492896 0.5455919991707 -2.3 -6.7 -3.4
2003-03-18 0.97217 0.933025 0.5455919991707 -3.6 -8.1 -4.1
2003-03-19 0.939774 0.98262 0.5455919991707 -2.1 -6.8 -3.1
2003-03-20 0.821179 0.2242 0.5455919991707 -3.9 -6.9 -3.1
2003-03-21 0.916464 0.966383 0.5455919991707 -2.3 -3.3 -1.7
2003-03-22 0.949176 0.990031 0.5455919991707 -1.6 -5.8 -1.2
2003-03-23 0.809545 0.596228 0.5455919991707 -0.200001 -6.3 -2.6
2003-03-24 0.683044 0.554911 0.5455919991707 -1.6 -8.2 -2.9
2003-03-25 0.903128 0.947333 0.5455919991707 -1.2 -9.1 -3.3
2003-03-26 0.802739 0.397421 0.5455919991707 -2.2 2 -2.6
2003-03-27 0.916622 0.744869 0.5455919991707 -1.4 -5.3 -4
2003-03-28 0.95967 0.964739 0.5455919991707 -4.1 -6.5 -1.6
2003-03-29 0.958085 0.969998 0.5455919991707 -4.7 -8.3 0.1
2003-03-30 0.931666 0.982683 0.5455919991707 -2 -6.3 -1.6
2003-03-31 0.922795 0.939643 0.5455919991707 -1.7 -6.7 -3.2
2004-03-01 0.606823 0.737604 0.5455919991707 -3.3 -2.9 -2.2
2004-03-02 0.439306 0.596531 0.5455919991707 -2.6 -5.8 -3.9
2004-03-03 0.957782 0.9648 0.5455919991707 -2.9 -3.7 -2.5
2004-03-04 0.920356 0.876308 0.5455919991707 -1.7 -5.3 -4
2004-03-05 0.926817 0.945544 0.5455919991707 -1.1 -5.7 -3.6
2004-03-06 0.927806 0.966215 0.5455919991707 -2.1 -5.3 -3.4
2004-03-07 0.921893 0.952552 0.5455919991707 -0.199999 -4.1 -3.5
2004-03-08 0.901206 0.934375 0.5455919991707 0 -4.7 -5.1
2004-03-09 0.909013 0.951093 0.5455919991707 -1.5 -5.5 -4.4
2004-03-10 0.899666 0.942401 0.5455919991707 -1.4 -6.3 -4
2004-03-11 0.912536 0.971086 0.5455919991707 -0.900002 -6 -5.8
2004-03-12 0.92979 0.96011 0.5455919991707 -2.2 -6.9 -5.6
2004-03-13 0.916689 0.94001 0.5455919991707 -1.5 -6.4 -4.3
2004-03-14 0.90685 0.958449 0.5455919991707 -1.4 -6.8 -5.3
2004-03-15 0.903974 0.955969 0.5455919991707 -2.6 -6.2 -4.5
2004-03-16 0.902608 0.939007 0.5455919991707 -3.2 -5.6 -4.7
2004-03-17 0.890751 0.949357 0.5455919991707 -2.4 -6.3 -4.4
2004-03-18 0.868616 0.969279 0.5455919991707 -1.9 -6.3 -6.3
2004-03-19 0.892122 0.959874 0.5455919991707 -2 -6.3 -4.7
2004-03-20 0.900616 0.95444 0.5455919991707 -1.4 -6.7 -4.6
2004-03-21 0.92113 0.942717 0.5455919991707 -1 -6 -4.8
2004-03-22 0.920013 0.948493 0.5455919991707 0 -5.9 -4.6
2004-03-23 0.900942 0.831219 0.5455919991707 -1.9 -7.1 -3.3
2004-03-24 0.930448 0.886702 0.5455919991707 -1.9 -4.9 -4.3
2004-03-25 0.960122 0.959345 0.5455919991707 -1 -6.2 -4
2004-03-26 0.776686 0.396779 0.5455919991707 -1.7 -5.5 -4.5
2004-03-27 0.942335 0.943764 0.5455919991707 -2 -3.8 -4.7
2004-03-28 0.936269 0.95973 0.5455919991707 -0.800001 -4.8 -5.5
2004-03-29 0.944905 0.939493 0.5455919991707 -2.9 -5.4 -6.6
2004-03-30 0.949856 0.917023 0.5455919991707 2.4 -6.1 -6.2
2004-03-31 0.937504 0.627365 0.5455919991707 -0.799999 -6.8 -3.4
2005-03-01 0.725759 0.661179 0.5455919991707 -1.6 -4.2 -3.5
2005-03-02 0.765025 0.740752 0.5455919991707 -1.9 -3.7 -2.4
2005-03-16 0.925484 0.943015 0.5455919991707 -2.4 -5.4 -2
2005-03-17 0.722675 0.850802 0.5455919991707 -3 -4.5 -4
2005-03-18 0.37651 0.291321 0.5455919991707 -5.2 -3.5 -3.2
2005-03-19 0.630435 0.498892 0.5455919991707 -3.4 -5.5 -3.6
2005-03-20 0.791033 0.651195 0.5455919991707 -3.6 -5.5 -3
2005-03-21 0.823702 0.912896 0.5455919991707 -3.4 -7.4 -2.2
2005-03-22 0.476564 0.436876 0.5455919991707 -6.2 -5.3 -1.6
2005-03-23 0.7655 0.561004 0.5455919991707 -5 -6.9 -2.3
2005-03-24 0.615567 0.619783 0.5455919991707 -4.3 -6.3 -3.1
2005-03-25 0.891314 0.876202 0.5455919991707 -3.3 -4.3 -3.3
2005-03-26 0.903819 0.896845 0.5455919991707 -2.9 -4 -2.9
2005-03-27 0.873915 0.847138 0.5455919991707 -3 -3.6 -3.1
2005-03-28 0.683262 0.410018 0.5455919991707 -2.1 -4.3 -3.2
2005-03-29 0.80071 0.721399 0.5455919991707 -2.5 -9 -3
2005-03-30 0.830594 0.71235 0.5455919991707 -3.3 -4.8 -4.4
2005-03-31 0.954382 0.990463 0.5455919991707 -3.8 -4.6 -2
2006-03-02 0.792119 0.961052 0.5455919991707 -3.2 -4.1 -0.6
2006-03-06 0.402283 0.435194 0.5455919991707 -4.5 -7.5 -4.1
2006-03-07 0.843023 0.47338 0.5455919991707 -4.1 -8.2 -4.2
2006-03-08 0.814918 0.692593 0.5455919991707 -2.9 -6.9 -3.8
2006-03-09 0.829885 0.770842 0.5455919991707 -3.3 -0.6 -3
2006-03-10 0.48705 0.632472 0.5455919991707 -3.9 -4.5 -1.9
2006-03-11 0.610296 0.644449 0.5455919991707 -4.5 -5.2 -2.9
2006-03-12 0.68573 0.64427 0.5455919991707 -2.5 -4.5 -2.5
2006-03-13 0.974263 0.909343 0.5455919991707 -2.7 -8.7 -4
2006-03-14 0.674311 0.833307 0.5455919991707 -2.9 -5.6 -3.1
2006-03-15 0.945999 0.970647 0.5455919991707 -1.8 -8.6 -4.7
2006-03-16 0.876137 0.891609 0.5455919991707 -2.7 -6.6 -2.2
2006-03-17 0.418197 0.568307 0.5455919991707 -3.2 -4.1 -2.6
2006-03-18 0.68255 0.521975 0.5455919991707 -2.8 -3.3 -2.8
2006-03-19 0.92593 0.94606 0.5455919991707 -2.5 -6.9 -2.4
2006-03-20 0.810353 0.847579 0.5455919991707 -4.6 -5.1 -1.1
2006-03-21 0.907216 0.774369 0.5455919991707 -2.8 -4.8 -3.2
2006-03-22 0.940595 0.938769 0.5455919991707 -3.6 -5.7 -2.6
2006-03-23 0.947362 0.969038 0.5455919991707 -4.2 -7.1 -4.8
2003-03-01 0.968627 0.967769 -0.5455919991707 3.3 5.4 2.7
2003-03-02 0.984698 0.940081 -0.5455919991707 3.7 5.6 2.9
2003-03-03 0.840804 0.845944 -0.5455919991707 3.6 6.2 2.8
2003-03-04 0.665064 0.60312 -0.5455919991707 2.9 4.9 2
2003-03-05 0.958848 0.997777 -0.5455919991707 3.4 4.9 1.2
2003-03-06 0.993164 0.954885 -0.5455919991707 1.9 5.6 2.4
2003-03-10 0.941448 0.886141 -0.5455919991707 2.5 6.5 3.2
2003-03-11 0.913432 0.934232 -0.5455919991707 3.1 6.8 3.2
2003-03-12 0.958202 0.903193 -0.5455919991707 4 8.7 3.3
2003-03-13 0.811082 0.684934 -0.5455919991707 3.2 7 3.8
2003-03-14 0.905506 0.926745 -0.5455919991707 2.4 7.9 2.8
2003-03-15 0.494676 0.788324 -0.5455919991707 4.8 2.9 2.3
2003-03-16 0.894591 0.653001 -0.5455919991707 2.8 3.6 2.8
2003-03-17 0.492896 0.823348 -0.5455919991707 2.3 6.7 3.4
2003-03-18 0.933025 0.97217 -0.5455919991707 3.6 8.1 4.1
2003-03-19 0.98262 0.939774 -0.5455919991707 2.1 6.8 3.1
2003-03-20 0.2242 0.821179 -0.5455919991707 3.9 6.9 3.1
2003-03-21 0.966383 0.916464 -0.5455919991707 2.3 3.3 1.7
2003-03-22 0.990031 0.949176 -0.5455919991707 1.6 5.8 1.2
2003-03-23 0.596228 0.809545 -0.5455919991707 0.200001 6.3 2.6
2003-03-24 0.554911 0.683044 -0.5455919991707 1.6 8.2 2.9
2003-03-25 0.947333 0.903128 -0.5455919991707 1.2 9.1 3.3
2003-03-26 0.397421 0.802739 -0.5455919991707 2.2 -2 2.6
2003-03-27 0.744869 0.916622 -0.5455919991707 1.4 5.3 4
2003-03-28 0.964739 0.95967 -0.5455919991707 4.1 6.5 1.6
2003-03-29 0.969998 0.958085 -0.5455919991707 4.7 8.3 -0.1
2003-03-30 0.982683 0.931666 -0.5455919991707 2 6.3 1.6
2003-03-31 0.939643 0.922795 -0.5455919991707 1.7 6.7 3.2
2004-03-01 0.737604 0.606823 -0.5455919991707 3.3 2.9 2.2
2004-03-02 0.596531 0.439306 -0.5455919991707 2.6 5.8 3.9
2004-03-03 0.9648 0.957782 -0.5455919991707 2.9 3.7 2.5
2004-03-04 0.876308 0.920356 -0.5455919991707 1.7 5.3 4
2004-03-05 0.945544 0.926817 -0.5455919991707 1.1 5.7 3.6
2004-03-06 0.966215 0.927806 -0.5455919991707 2.1 5.3 3.4
2004-03-07 0.952552 0.921893 -0.5455919991707 0.199999 4.1 3.5
2004-03-08 0.934375 0.901206 -0.5455919991707 0 4.7 5.1
2004-03-09 0.951093 0.909013 -0.5455919991707 1.5 5.5 4.4
2004-03-10 0.942401 0.899666 -0.5455919991707 1.4 6.3 4
2004-03-11 0.971086 0.912536 -0.5455919991707 0.900002 6 5.8
2004-03-12 0.96011 0.92979 -0.5455919991707 2.2 6.9 5.6
2004-03-13 0.94001 0.916689 -0.5455919991707 1.5 6.4 4.3
2004-03-14 0.958449 0.90685 -0.5455919991707 1.4 6.8 5.3
2004-03-15 0.955969 0.903974 -0.5455919991707 2.6 6.2 4.5
2004-03-16 0.939007 0.902608 -0.5455919991707 3.2 5.6 4.7
2004-03-17 0.949357 0.890751 -0.5455919991707 2.4 6.3 4.4
2004-03-18 0.969279 0.868616 -0.5455919991707 1.9 6.3 6.3
2004-03-19 0.959874 0.892122 -0.5455919991707 2 6.3 4.7
2004-03-20 0.95444 0.900616 -0.5455919991707 1.4 6.7 4.6
2004-03-21 0.942717 0.92113 -0.5455919991707 1 6 4.8
2004-03-22 0.948493 0.920013 -0.5455919991707 0 5.9 4.6
2004-03-23 0.831219 0.900942 -0.5455919991707 1.9 7.1 3.3
2004-03-24 0.886702 0.930448 -0.5455919991707 1.9 4.9 4.3
2004-03-25 0.959345 0.960122 -0.5455919991707 1 6.2 4
2004-03-26 0.396779 0.776686 -0.5455919991707 1.7 5.5 4.5
2004-03-27 0.943764 0.942335 -0.5455919991707 2 3.8 4.7
2004-03-28 0.95973 0.936269 -0.5455919991707 0.800001 4.8 5.5
2004-03-29 0.939493 0.944905 -0.5455919991707 2.9 5.4 6.6
2004-03-30 0.917023 0.949856 -0.5455919991707 -2.4 6.1 6.2
2004-03-31 0.627365 0.937504 -0.5455919991707 0.799999 6.8 3.4
2005-03-01 0.661179 0.725759 -0.5455919991707 1.6 4.2 3.5
2005-03-02 0.740752 0.765025 -0.5455919991707 1.9 3.7 2.4
2005-03-16 0.943015 0.925484 -0.5455919991707 2.4 5.4 2
2005-03-17 0.850802 0.722675 -0.5455919991707 3 4.5 4
2005-03-18 0.291321 0.37651 -0.5455919991707 5.2 3.5 3.2
2005-03-19 0.498892 0.630435 -0.5455919991707 3.4 5.5 3.6
2005-03-20 0.651195 0.791033 -0.5455919991707 3.6 5.5 3
2005-03-21 0.912896 0.823702 -0.5455919991707 3.4 7.4 2.2
2005-03-22 0.436876 0.476564 -0.5455919991707 6.2 5.3 1.6
2005-03-23 0.561004 0.7655 -0.5455919991707 5 6.9 2.3
2005-03-24 0.619783 0.615567 -0.5455919991707 4.3 6.3 3.1
2005-03-25 0.876202 0.891314 -0.5455919991707 3.3 4.3 3.3
2005-03-26 0.896845 0.903819 -0.5455919991707 2.9 4 2.9
2005-03-27 0.847138 0.873915 -0.5455919991707 3 3.6 3.1
2005-03-28 0.410018 0.683262 -0.5455919991707 2.1 4.3 3.2
2005-03-29 0.721399 0.80071 -0.5455919991707 2.5 9 3
2005-03-30 0.71235 0.830594 -0.5455919991707 3.3 4.8 4.4
2005-03-31 0.990463 0.954382 -0.5455919991707 3.8 4.6 2
2006-03-02 0.961052 0.792119 -0.5455919991707 3.2 4.1 0.6
2006-03-06 0.435194 0.402283 -0.5455919991707 4.5 7.5 4.1
2006-03-07 0.47338 0.843023 -0.5455919991707 4.1 8.2 4.2
2006-03-08 0.692593 0.814918 -0.5455919991707 2.9 6.9 3.8
2006-03-09 0.770842 0.829885 -0.5455919991707 3.3 0.6 3
2006-03-10 0.632472 0.48705 -0.5455919991707 3.9 4.5 1.9
2006-03-11 0.644449 0.610296 -0.5455919991707 4.5 5.2 2.9
2006-03-12 0.64427 0.68573 -0.5455919991707 2.5 4.5 2.5
2006-03-13 0.909343 0.974263 -0.5455919991707 2.7 8.7 4
2006-03-14 0.833307 0.674311 -0.5455919991707 2.9 5.6 3.1
2006-03-15 0.970647 0.945999 -0.5455919991707 1.8 8.6 4.7
2006-03-16 0.891609 0.876137 -0.5455919991707 2.7 6.6 2.2
2006-03-17 0.568307 0.418197 -0.5455919991707 3.2 4.1 2.6
2006-03-18 0.521975 0.68255 -0.5455919991707 2.8 3.3 2.8
2006-03-19 0.94606 0.92593 -0.5455919991707 2.5 6.9 2.4
2006-03-20 0.847579 0.810353 -0.5455919991707 4.6 5.1 1.1
2006-03-21 0.774369 0.907216 -0.5455919991707 2.8 4.8 3.2
2006-03-22 0.938769 0.940595 -0.5455919991707 3.6 5.7 2.6
2006-03-23 0.969038 0.947362 -0.5455919991707 4.2 7.1 4.8
