d_date k1 k2 delta_z delta_max_at delta_min_at delta_dewp
2003-11-24 1 1 0.488594399257336 -4.6 2.6 -3.3
2003-11-25 1 0.982 0.488594399257336 -2.2 3.2 -0.6
2003-11-26 0.92967 0.991829 0.488594399257336 -2.9 2.2 -1.4
2003-11-27 0.977962 0.928763 0.488594399257336 3.9 1.9 -11.5
2003-11-28 0.868735 0.852725 0.488594399257336 -3.6 0 -5
2003-11-29 0.920494 0.92126 0.488594399257336 -2.3 2.1 -8
2003-11-30 0.863205 0.910763 0.488594399257336 -0.599998 -1.7 -10.7
2004-11-01 0.943926 0.963023 0.488594399257336 -1.5 -0.2 -1.8
2004-11-02 0.946601 0.946805 0.488594399257336 -1 2.2 -7.5
2004-11-03 0.939342 0.961022 0.488594399257336 3.8 3 -3.9
2004-11-04 0.893287 0.957426 0.488594399257336 4.1 -0.2 -4.4
2004-11-05 0.937354 0.957045 0.488594399257336 -0.699999 -3.6 -0.5
2004-11-06 0.941721 0.953731 0.488594399257336 -1.1 -0.0999999 -0.7
2004-11-07 0.481519 0.583108 0.488594399257336 -4.3 0.4 -0.599999
2004-11-08 0.573399 0.742136 0.488594399257336 -0.400001 3.1 0.900001
2004-11-09 0.53035 0.862183 0.488594399257336 -0.1 1.5 0.3
2004-11-10 0.961415 0.950456 0.488594399257336 0.299999 0.7 -0.2
2004-11-11 0.748782 0.739741 0.488594399257336 -1.6 -0.400001 -1.3
2004-11-12 0.948796 0.951055 0.488594399257336 0.200001 -2.7 -2
2004-11-13 0.811035 0.809249 0.488594399257336 0.4 -3.4 -0.5
2004-11-14 0.971597 0.988478 0.488594399257336 -2.1 0.1 -4.9
2004-11-15 0.979359 0.987084 0.488594399257336 1.1 3.5 -6.6
2004-11-16 0.976803 0.972445 0.488594399257336 -1.5 6.9 -5
2005-11-02 0.822659 0.883106 0.488594399257336 1.7 3.6 -8.7
2005-11-06 0.770652 0.74455 0.488594399257336 1.4 -0.2 -4.3
2005-11-08 0.721602 0.586793 0.488594399257336 -0.800001 -2.4 -1.1
2005-11-09 0.694825 0.417839 0.488594399257336 -0.699999 -2.7 -2.2
2005-11-16 0.964603 0.989543 0.488594399257336 -3.8 1.6 -7.6
2005-11-23 0.60982 0.69912 0.488594399257336 0.1 4.2 -12.6
2005-11-24 0.960546 0.958851 0.488594399257336 3.4 -3.5 -9.8
2005-11-25 0.871335 0.793045 0.488594399257336 0.4 -2.8 -5.5
2005-11-26 0.918419 0.974899 0.488594399257336 -2.7 -2.7 -0.6
2005-11-28 0.967892 0.978274 0.488594399257336 -0.800001 2.3 -11.8
2005-11-29 0.97365 0.966533 0.488594399257336 -0.700001 -1.1 -8.9
2005-11-30 0.968533 0.970353 0.488594399257336 -0.199999 -3.5 -6.3
2003-11-24 1 1 0.390143999406981 -1.7 -5.8 -4.8
2003-11-25 1 1 0.390143999406981 -0.999999 -4 -4.8
2003-11-26 0.92967 0.978815 0.390143999406981 -1.1 -0.6 -1
2003-11-27 0.977962 0.962595 0.390143999406981 -2.7 -2.7 -2.9
2003-11-28 0.868735 0.824528 0.390143999406981 -2.5 -10 -0.7
2003-11-29 0.920494 0.940829 0.390143999406981 -1.2 -1.7 -6.1
2003-11-30 0.863205 0.872297 0.390143999406981 0.200001 -6.3 -7.8
2004-11-01 0.943926 0.935524 0.390143999406981 -1.8 -7.9 -1.6
2004-11-02 0.946601 0.941906 0.390143999406981 -1.8 -0.9 -4.9
2004-11-03 0.939342 0.945375 0.390143999406981 -0.199999 -3 -5.2
2004-11-04 0.893287 0.922212 0.390143999406981 -1.5 -0.4 -2.7
2004-11-05 0.937354 0.914797 0.390143999406981 1.2 -4.4 -2
2004-11-06 0.941721 0.943733 0.390143999406981 -0.5 -2.2 -2.6
2004-11-07 0.481519 0.586919 0.390143999406981 -4.3 -4.1 -3.2
2004-11-08 0.573399 0.745835 0.390143999406981 -3.9 -1.8 -2.3
2004-11-09 0.53035 0.672425 0.390143999406981 -2.8 -2.3 -2.4
2004-11-10 0.961415 0.936825 0.390143999406981 -0.4 -3.9 -3.1
2004-11-11 0.748782 0.826122 0.390143999406981 -1.9 -2.5 -2.8
2004-11-12 0.948796 0.927874 0.390143999406981 -1.8 -2.5 -2.4
2004-11-13 0.811035 0.79052 0.390143999406981 -1.6 -3.2 -4.7
2004-11-14 0.971597 0.96679 0.390143999406981 -2.5 -2.1 -4.7
2004-11-15 0.979359 0.960683 0.390143999406981 -1.9 -2.8 -4.8
2004-11-16 0.976803 0.971297 0.390143999406981 -1.2 -1.1 -4.5
2004-11-17 0.9852 0.986374 0.390143999406981 0 -3.5 -4.1
2004-11-18 0.981821 0.954734 0.390143999406981 0.1 -2.3 -4.5
2004-11-19 0.98457 0.95416 0.390143999406981 1.3 -3 -4.8
2004-11-20 0.889868 0.930122 0.390143999406981 2.3 7.9 1.3
2004-11-21 0.654707 0.863816 0.390143999406981 -3.8 -2.3 -1.5
2004-11-22 0.732809 0.838478 0.390143999406981 -5.1 -4.6 -2.3
2004-11-23 0.852474 0.885933 0.390143999406981 -3 -3.7 -3.3
2004-11-24 0.989442 0.96347 0.390143999406981 0.5 -3.8 -5.2
2004-11-25 0.97832 0.98638 0.390143999406981 -0.9 -1.7 -4.7
2004-11-26 0.962262 0.938578 0.390143999406981 -1.1 -3.9 -3.7
2004-11-27 0.39452 0.385402 0.390143999406981 -4.3 -2.9 -1.7
2004-11-28 1 1 0.390143999406981 -2.4 -3 3.6
2005-11-01 0.926925 0.950039 0.390143999406981 -0.799999 -8.4 -3.5
2005-11-02 0.822659 0.868274 0.390143999406981 1.8 -1.3 -9.2
2005-11-03 0.972761 0.865399 0.390143999406981 0.300001 -3.7 -3.3
2005-11-04 0.539443 0.856907 0.390143999406981 -1.5 -0.7 -3
2005-11-05 0.976571 0.969813 0.390143999406981 2.1 -2.4 -4.5
2005-11-06 0.770652 0.72255 0.390143999406981 0.799999 -3.3 -4.6
2005-11-07 0.874938 0.823887 0.390143999406981 1.7 -1.8 -5.1
2005-11-08 0.721602 0.608693 0.390143999406981 -1.2 -5.5 -2.9
2005-11-09 0.694825 0.346469 0.390143999406981 0.800001 -2.3 -3.8
2005-11-10 0.522585 0.722916 0.390143999406981 -0.200001 -0.5 -2.7
2005-11-11 0.505153 0.950785 0.390143999406981 -2.8 -0.8 -2.7
2005-11-12 0.979963 0.965172 0.390143999406981 1.9 -3.6 -5.5
2005-11-14 0.981401 0.903711 0.390143999406981 5.1 -0.4 -10.2
2005-11-15 0.983778 0.949192 0.390143999406981 -0.4 2.2 -6.9
2005-11-16 0.964603 0.929461 0.390143999406981 -0.199999 -5 -5.9
2005-11-17 0.957407 0.919446 0.390143999406981 0 -10.4 -4.9
2005-11-18 0.956891 0.930968 0.390143999406981 -1.7 -5.9 -4.1
2005-11-21 0.965106 0.919513 0.390143999406981 -1.9 -7.4 -5.9
2005-11-22 0.964187 0.922426 0.390143999406981 1.6 -9 -9.1
2005-11-23 0.60982 0.624625 0.390143999406981 1.4 -0.2 -13
2005-11-24 0.960546 0.938414 0.390143999406981 1.9 -5.4 -9.1
2005-11-25 0.871335 0.698609 0.390143999406981 2.3 -0.5 -5.9
2005-11-26 0.918419 0.929159 0.390143999406981 -2.1 -4.6 -0.2
2005-11-28 0.967892 0.970027 0.390143999406981 -1.8 -5.2 -6.8
2005-11-29 0.97365 0.968241 0.390143999406981 0.200001 -6.2 -8.2
2005-11-30 0.968533 0.971529 0.390143999406981 1.6 -4.1 -8.3
2003-11-24 1 1 0.333451199493154 -4.2 2.4 -2.1
2003-11-25 1 0.982 0.333451199493154 -2 2.6 1.6
2003-11-26 0.987829 0.991829 0.333451199493154 -1.5 -1.3 -2.6
2003-11-27 0.952452 0.928763 0.333451199493154 3.9 1 -9.6
2003-11-28 0.903916 0.852725 0.333451199493154 -2.3 3.5 -4.6
2003-11-29 0.940186 0.92126 0.333451199493154 -1.6 0.2 -6.4
2003-11-30 0.912931 0.910763 0.333451199493154 -0.4 1.8 -7.3
2004-11-01 0.962947 0.963023 0.333451199493154 -0.800001 0.5 -0.9
2004-11-02 0.958586 0.946805 0.333451199493154 -0.800001 1.3 -5.6
2004-11-03 0.954128 0.961022 0.333451199493154 3.1 2.4 -0.5
2004-11-04 0.941757 0.957426 0.333451199493154 4.3 -2.5 -4.2
2004-11-05 0.948498 0.957045 0.333451199493154 -2.4 -2.9 0.0999999
2004-11-06 0.884014 0.953731 0.333451199493154 -1.4 -0.8 -0.3
2004-11-07 0.566293 0.583108 0.333451199493154 -2.3 0.8 -0.0999994
2004-11-08 0.61154 0.742136 0.333451199493154 -0.1 1.9 1.1
2004-11-09 0.554874 0.862183 0.333451199493154 -0.7 1.3 1.3
2004-11-10 0.962328 0.950456 0.333451199493154 0.4 1.4 0.6
2004-11-11 0.841595 0.739741 0.333451199493154 -0.9 -0.6 -0.3
2004-11-12 0.956281 0.951055 0.333451199493154 1.9 -3.3 -1.8
2004-11-13 0.85868 0.809249 0.333451199493154 1.1 -3.1 0.9
2004-11-14 0.983288 0.988478 0.333451199493154 -1.3 -0.9 -4.7
2004-11-15 0.982565 0.987084 0.333451199493154 2.2 2.3 -4.7
2004-11-16 0.952745 0.972445 0.333451199493154 -1.2 5.3 -2.4
2005-11-02 0.900104 0.883106 0.333451199493154 1.3 2.1 -3
2005-11-06 0.745413 0.74455 0.333451199493154 0 0.5 -2.6
2005-11-08 0.679812 0.586793 0.333451199493154 -1 0.6 0.0999994
2005-11-09 0.423996 0.417839 0.333451199493154 -2.7 -0.8 0
2005-11-16 0.982099 0.989543 0.333451199493154 -3.1 1.3 -4.9
2005-11-23 0.661627 0.69912 0.333451199493154 0.9 0.4 -7.9
2005-11-24 0.954141 0.958851 0.333451199493154 3.1 -0.799999 -7.5
2005-11-25 0.827257 0.793045 0.333451199493154 0 -3.7 -3.8
2005-11-26 0.957535 0.974899 0.333451199493154 -1.3 -2.7 -4.3
2005-11-28 0.970016 0.978274 0.333451199493154 -0.300001 1.8 -8.5
2005-11-29 0.977124 0.966533 0.333451199493154 -0.5 2.2 -7
2005-11-30 0.975854 0.970353 0.333451199493154 0.1 -2.9 -1.5
2003-11-24 1 1 0.312419999525122 -2.2 -1.3 -1.8
2003-11-25 1 1 0.312419999525122 -2.1 -1.4 -1.8
2003-11-26 0.92967 0.959025 0.312419999525122 -2.1 -0.2 -0.3
2003-11-27 0.977962 0.991038 0.312419999525122 -1.9 0.0999999 -2.9
2003-11-28 0.868735 0.865142 0.312419999525122 -2.1 -4.3 -1
2003-11-29 0.920494 0.937721 0.312419999525122 -2 0.7 -4.3
2003-11-30 0.863205 0.889937 0.312419999525122 -1.9 -2 -4.2
2004-11-01 0.943926 0.949531 0.312419999525122 -2.2 -1 -2.6
2004-11-02 0.946601 0.94505 0.312419999525122 -1.9 0.2 -2.3
2004-11-03 0.939342 0.955207 0.312419999525122 -1 0.8 -2.7
2004-11-04 0.893287 0.949385 0.312419999525122 -2 -0.5 -0.5
2004-11-05 0.937354 0.945851 0.312419999525122 -0.5 -1.6 -0.6
2004-11-06 0.941721 0.957679 0.312419999525122 -1.6 -0.5 -0.4
2004-11-07 0.481519 0.600085 0.312419999525122 -1.8 -1.1 -0.299999
2004-11-08 0.573399 0.512922 0.312419999525122 -1.5 -1.4 -0.2
2004-11-09 0.53035 0.552778 0.312419999525122 -1.4 -1 -0.4
2004-11-10 0.961415 0.962971 0.312419999525122 -2 -1.6 -0.1
2004-11-11 0.748782 0.845715 0.312419999525122 -2.2 -1.6 -0.3
2004-11-12 0.948796 0.980272 0.312419999525122 -1.8 -1.4 -0.5
2004-11-13 0.811035 0.88207 0.312419999525122 -2 -1.1 -1
2004-11-14 0.971597 0.967304 0.312419999525122 -1.7 1 -2.1
2004-11-15 0.979359 0.974388 0.312419999525122 -2.5 1 -2.6
2004-11-16 0.976803 0.979959 0.312419999525122 -1.9 2.5 -2.8
2004-11-17 0.9852 0.988063 0.312419999525122 -1.8 -1.6 -1.7
2004-11-18 0.981821 0.95137 0.312419999525122 -1.9 0.5 -2.2
2004-11-19 0.98457 0.954832 0.312419999525122 -0.400002 -0.8 -1.6
2004-11-20 0.889868 0.863579 0.312419999525122 -1.9 -1.7 -0.2
2004-11-21 0.654707 0.730696 0.312419999525122 -2.5 -0.8 -0.6
2004-11-22 0.732809 0.715428 0.312419999525122 -3.2 -1.7 -0.8
2004-11-23 0.852474 0.877497 0.312419999525122 -2.5 -0.9 -1.1
2004-11-24 0.989442 0.961665 0.312419999525122 -2.2 -1.5 -1.8
2004-11-25 0.97832 0.969669 0.312419999525122 -1.9 0.7 -2.3
2004-11-26 0.962262 0.915251 0.312419999525122 -1.8 -2 -0.6
2004-11-27 0.39452 0.362588 0.312419999525122 -2.2 -0.6 -0.3
2004-11-28 1 0.970998 0.312419999525122 -2.7 1.2 2.9
2005-11-01 0.926925 0.915511 0.312419999525122 -1.6 -5.3 -2.9
2005-11-02 0.822659 0.847147 0.312419999525122 -1.3 0.7 -4.7
2005-11-03 0.972761 0.940604 0.312419999525122 -1.6 -2.5 -1.2
2005-11-04 0.539443 0.610131 0.312419999525122 -1.9 -0.8 -0.9
2005-11-05 0.976571 0.958941 0.312419999525122 -0.9 -1.5 -1.9
2005-11-06 0.770652 0.782888 0.312419999525122 0.0999985 -1.1 -1.8
2005-11-07 0.874938 0.88417 0.312419999525122 0 -1.2 -2.1
2005-11-08 0.721602 0.739384 0.312419999525122 -1.2 -2.9 0.0999994
2005-11-09 0.694825 0.439183 0.312419999525122 -0.799999 -3.1 -1
2005-11-10 0.522585 0.604833 0.312419999525122 -1.3 -0.599999 -0.4
2005-11-11 0.505153 0.682196 0.312419999525122 -1.9 -1.5 -0.3
2005-11-12 0.979963 0.968234 0.312419999525122 -0.799999 -1.8 -2
2005-11-14 0.981401 0.981785 0.312419999525122 -1.3 0.7 -4.5
2005-11-15 0.983778 0.984792 0.312419999525122 -1.9 2.8 -4.9
2005-11-16 0.964603 0.978583 0.312419999525122 -3.1 0.1 -3
2005-11-17 0.957407 0.960328 0.312419999525122 -2.5 -4.9 -2.8
2005-11-18 0.956891 0.974836 0.312419999525122 -2.3 0.8 -3.8
2005-11-21 0.965106 0.979889 0.312419999525122 -2.3 -0.799999 -3.6
2005-11-22 0.964187 0.980373 0.312419999525122 -2.7 -5.8 -2.6
2005-11-23 0.60982 0.619988 0.312419999525122 0.700001 1.5 -6
2005-11-24 0.960546 0.981001 0.312419999525122 -0.799999 -3 -4.4
2005-11-25 0.871335 0.830456 0.312419999525122 0.199999 1.4 -1.9
2005-11-26 0.918419 0.938042 0.312419999525122 -2.8 -2.8 1.4
2005-11-28 0.967892 0.980774 0.312419999525122 -2 -0.1 -4.7
2005-11-29 0.97365 0.982028 0.312419999525122 -1.5 -3.1 -1.9
2005-11-30 0.968533 0.970599 0.312419999525122 -1.1 -1.3 -3.3
2003-11-24 1 1 0.271271999587667 -0.799999 0 -4.3
2003-11-25 1 1 0.271271999587667 -1.8 1.1 -4.1
2003-11-26 0.92967 0.966204 0.271271999587667 -1.9 1.6 -1.7
2003-11-27 0.977962 0.985977 0.271271999587667 -1.2 1.5 -4
2003-11-28 0.868735 0.792135 0.271271999587667 -2 -6.2 -1.7
2003-11-29 0.920494 0.904854 0.271271999587667 -2.7 2.3 -7
2003-11-30 0.863205 0.902792 0.271271999587667 -1.5 -2.6 -7.1
2004-11-01 0.943926 0.955547 0.271271999587667 -1.4 1.2 -3.5
2004-11-02 0.946601 0.9495 0.271271999587667 -2.5 2.5 -4.4
2004-11-03 0.939342 0.947572 0.271271999587667 -0.299999 0.1 -3.6
2004-11-04 0.893287 0.954042 0.271271999587667 -1.8 1.2 -0.9
2004-11-05 0.937354 0.954891 0.271271999587667 -0.5 -0.7 -1.2
2004-11-06 0.941721 0.959681 0.271271999587667 -1.6 0 -1
2004-11-07 0.481519 0.561951 0.271271999587667 -2.5 -1.2 -1.2
2004-11-08 0.573399 0.505485 0.271271999587667 -1.5 -1.9 -1.1
2004-11-09 0.53035 0.545806 0.271271999587667 -0.7 0.8 0.1
2004-11-10 0.961415 0.954572 0.271271999587667 -1.5 -0.4 -0.900001
2004-11-11 0.748782 0.793575 0.271271999587667 -1.9 0.5 -0.7
2004-11-12 0.948796 0.96765 0.271271999587667 -1.5 -0.8 -1.3
2004-11-13 0.811035 0.875845 0.271271999587667 -1.5 -0.1 -1.6
2004-11-14 0.971597 0.974117 0.271271999587667 -1.4 3 -4.3
2004-11-15 0.979359 0.975206 0.271271999587667 -2 3.6 -3.9
2004-11-16 0.976803 0.981381 0.271271999587667 -1.4 3.4 -3.4
2004-11-17 0.9852 0.982245 0.271271999587667 -1.1 -1.5 -2.9
2004-11-18 0.981821 0.967854 0.271271999587667 -1 1.2 -3.7
2004-11-19 0.98457 0.970477 0.271271999587667 -0.200001 -0.8 -3.2
2004-11-20 0.889868 0.875694 0.271271999587667 -1.3 -0.4 -1.3
2004-11-21 0.654707 0.664271 0.271271999587667 -1.6 -1.7 -0.8
2004-11-22 0.732809 0.674418 0.271271999587667 -2.5 -1.5 -1.5
2004-11-23 0.852474 0.853003 0.271271999587667 -2.7 -1.9 -0.9
2004-11-24 0.989442 0.980304 0.271271999587667 -1.1 -1.5 -2.7
2004-11-25 0.97832 0.976927 0.271271999587667 -2 -0.6 -3
2004-11-26 0.962262 0.943139 0.271271999587667 -1.4 -1.3 -1.1
2004-11-27 0.39452 0.388367 0.271271999587667 -1.7 0.6 -0.900001
2004-11-28 1 1 0.271271999587667 -2 2.2 -0.8
2005-11-01 0.926925 0.934404 0.271271999587667 -1.9 -3.1 -2.9
2005-11-02 0.822659 0.816675 0.271271999587667 -0.9 2.4 -4.5
2005-11-03 0.972761 0.93723 0.271271999587667 -0.699999 -1.2 -1.6
2005-11-04 0.539443 0.503536 0.271271999587667 -2.3 0.9 -1.1
2005-11-05 0.976571 0.967033 0.271271999587667 -0.4 -0.5 -2.4
2005-11-06 0.770652 0.753225 0.271271999587667 -0.6 -0.0999994 -3.3
2005-11-07 0.874938 0.799633 0.271271999587667 0.199999 -0.9 -3.1
2005-11-08 0.721602 0.74757 0.271271999587667 -1 -1 -0.8
2005-11-09 0.694825 0.592332 0.271271999587667 -0.699999 -1.4 -1.4
2005-11-10 0.522585 0.648387 0.271271999587667 -0.200001 -1.7 -1
2005-11-11 0.505153 0.47723 0.271271999587667 -0.700001 -0.200001 -1.2
2005-11-12 0.979963 0.965001 0.271271999587667 -1.3 0 -2.3
2005-11-15 0.983778 0.983057 0.271271999587667 -1.5 3.7 -4.5
2005-11-16 0.964603 0.962426 0.271271999587667 -2.2 2.5 -3.6
2005-11-17 0.957407 0.974112 0.271271999587667 -1.7 -2.2 -5.4
2005-11-18 0.956891 0.970832 0.271271999587667 -2.1 3.9 -7.3
2005-11-21 0.965106 0.971801 0.271271999587667 -1.5 -2.3 -6.7
2005-11-22 0.964187 0.949697 0.271271999587667 -2.3 -2.9 -6.2
2005-11-23 0.60982 0.596661 0.271271999587667 0.800001 3.4 -6.8
2005-11-24 0.960546 0.948719 0.271271999587667 -0.299999 -1.5 -5.6
2005-11-25 0.871335 0.831552 0.271271999587667 0.1 1.9 -3.2
2005-11-26 0.918419 0.897833 0.271271999587667 -1.4 1.4 -1
2005-11-28 0.967892 0.970931 0.271271999587667 -1.7 1.1 -6.5
2005-11-30 0.968533 0.966817 0.271271999587667 -0.5 -1.4 -3.5
2003-11-24 1 1 0.235000799642799 -1.3 -6 -3.6
2003-11-25 1 1 0.235000799642799 -0.799999 -4.6 -2.6
2003-11-26 0.987829 0.978815 0.235000799642799 0.300001 -4.1 -2.2
2003-11-27 0.952452 0.962595 0.235000799642799 -2.7 -3.6 -1
2003-11-28 0.903916 0.824528 0.235000799642799 -1.2 -6.5 -0.3
2003-11-29 0.940186 0.940829 0.235000799642799 -0.5 -3.6 -4.5
2003-11-30 0.912931 0.872297 0.235000799642799 0.4 -2.8 -4.4
2004-11-01 0.962947 0.935524 0.235000799642799 -1.1 -7.2 -0.7
2004-11-02 0.958586 0.941906 0.235000799642799 -1.6 -1.8 -3
2004-11-03 0.954128 0.945375 0.235000799642799 -0.9 -3.6 -1.8
2004-11-04 0.941757 0.922212 0.235000799642799 -1.3 -2.7 -2.5
2004-11-05 0.948498 0.914797 0.235000799642799 -0.5 -3.7 -1.4
2004-11-06 0.884014 0.943733 0.235000799642799 -0.799999 -2.9 -2.2
2004-11-07 0.566293 0.586919 0.235000799642799 -2.3 -3.7 -2.7
2004-11-08 0.61154 0.745835 0.235000799642799 -3.6 -3 -2.1
2004-11-09 0.554874 0.672425 0.235000799642799 -3.4 -2.5 -1.4
2004-11-10 0.962328 0.936825 0.235000799642799 -0.299999 -3.2 -2.3
2004-11-11 0.841595 0.826122 0.235000799642799 -1.2 -2.7 -1.8
2004-11-12 0.956281 0.927874 0.235000799642799 -0.1 -3.1 -2.2
2004-11-13 0.85868 0.79052 0.235000799642799 -0.9 -2.9 -3.3
2004-11-14 0.983288 0.96679 0.235000799642799 -1.7 -3.1 -4.5
2004-11-15 0.982565 0.960683 0.235000799642799 -0.800001 -4 -2.9
2004-11-16 0.952745 0.971297 0.235000799642799 -0.9 -2.7 -1.9
2004-11-17 0.969062 0.986374 0.235000799642799 0.400002 -2.2 -2.4
2004-11-18 0.988355 0.954734 0.235000799642799 0.5 -3.4 -2.8
2004-11-19 0.969077 0.95416 0.235000799642799 0.1 -2.6 -2.3
2004-11-20 0.959386 0.930122 0.235000799642799 -5.7 0 -2
2004-11-21 0.626201 0.863816 0.235000799642799 -3.6 -0.7 -5
2004-11-22 0.766318 0.838478 0.235000799642799 -2.3 -3 -1.5
2004-11-23 0.883027 0.885933 0.235000799642799 -1.4 -3.8 -1.6
2004-11-24 0.975473 0.96347 0.235000799642799 1.1 -3.4 -3.1
2004-11-25 0.960454 0.98638 0.235000799642799 -0.299999 -2.1 -2.9
2004-11-26 0.956878 0.938578 0.235000799642799 -0.800001 -2.7 -2.6
2004-11-27 0.399635 0.385402 0.235000799642799 -2.1 -3.5 -1.7
2004-11-28 1 1 0.235000799642799 -2.1 -4.6 -4
2005-11-01 0.958516 0.950039 0.235000799642799 -1.2 -3.1 -0.9
2005-11-02 0.900104 0.868274 0.235000799642799 1.4 -2.8 -3.5
2005-11-03 0.928637 0.865399 0.235000799642799 0.5 -2.5 -1.4
2005-11-04 0.851299 0.856907 0.235000799642799 -0.699999 -2.2 -2
2005-11-05 0.970609 0.969813 0.235000799642799 2.6 -2.1 -2.2
2005-11-06 0.745413 0.72255 0.235000799642799 -0.6 -2.6 -2.9
2005-11-07 0.927789 0.823887 0.235000799642799 0.299999 -2.7 -2.3
2005-11-08 0.679812 0.608693 0.235000799642799 -1.4 -2.5 -1.7
2005-11-09 0.423996 0.346469 0.235000799642799 -1.2 -0.4 -1.6
2005-11-10 0.397846 0.722916 0.235000799642799 -1.2 -2.9 -1.1
2005-11-11 0.876863 0.950785 0.235000799642799 0.599998 -1.8 -2.2
2005-11-12 0.966395 0.965172 0.235000799642799 1.4 -2.5 -3
2005-11-14 0.975835 0.903711 0.235000799642799 4.8 -1 -6.2
2005-11-15 0.979225 0.949192 0.235000799642799 -0.299999 0.5 -3.2
2005-11-16 0.982099 0.929461 0.235000799642799 0.5 -5.3 -3.2
2005-11-17 0.974669 0.919446 0.235000799642799 0.700001 -6.6 -2.7
2005-11-18 0.967698 0.930968 0.235000799642799 -1.3 -6 -4.6
2005-11-21 0.965045 0.919513 0.235000799642799 -1.3 -7.7 -2.9
2005-11-22 0.971089 0.922426 0.235000799642799 2 -3.8 -6.4
2005-11-23 0.661627 0.624625 0.235000799642799 2.2 -4 -8.3
2005-11-24 0.954141 0.938414 0.235000799642799 1.6 -2.7 -6.8
2005-11-25 0.827257 0.698609 0.235000799642799 1.9 -1.4 -4.2
2005-11-26 0.957535 0.929159 0.235000799642799 -0.700001 -4.6 -3.9
2005-11-28 0.970016 0.970027 0.235000799642799 -1.3 -5.7 -3.5
2005-11-29 0.977124 0.968241 0.235000799642799 0.400002 -2.9 -6.3
2005-11-30 0.975854 0.971529 0.235000799642799 1.9 -3.5 -3.5
2003-11-24 1 1 0.21732239966967 -3.8 2.6 1
2003-11-25 1 0.982 0.21732239966967 -0.4 2.1 3.5
2003-11-26 0.966204 0.991829 0.21732239966967 -1 0.6 0.3
2003-11-27 0.985977 0.928763 0.21732239966967 5.1 0.4 -7.5
2003-11-28 0.792135 0.852725 0.21732239966967 -1.6 6.2 -3.3
2003-11-29 0.904854 0.92126 0.21732239966967 0.4 -0.2 -1
2003-11-30 0.902792 0.910763 0.21732239966967 0.900002 0.9 -3.6
2004-11-01 0.955547 0.963023 0.21732239966967 -0.1 -1.4 1.7
2004-11-02 0.9495 0.946805 0.21732239966967 1.5 -0.3 -3.1
2004-11-03 0.947572 0.961022 0.21732239966967 4.1 2.9 -0.3
2004-11-04 0.954042 0.957426 0.21732239966967 5.9 -1.4 -3.5
2004-11-05 0.954891 0.957045 0.21732239966967 -0.199999 -2.9 0.7
2004-11-06 0.959681 0.953731 0.21732239966967 0.5 -0.0999999 0.3
2004-11-07 0.561951 0.583108 0.21732239966967 -1.8 1.6 0.6
2004-11-08 0.505485 0.742136 0.21732239966967 1.1 5 2
2004-11-09 0.545806 0.862183 0.21732239966967 0.599999 0.7 0.2
2004-11-10 0.954572 0.950456 0.21732239966967 1.8 1.1 0.700001
2004-11-11 0.793575 0.739741 0.21732239966967 0.300001 -0.9 -0.6
2004-11-12 0.96765 0.951055 0.21732239966967 1.7 -1.9 -0.7
2004-11-13 0.875845 0.809249 0.21732239966967 1.9 -3.3 1.1
2004-11-14 0.974117 0.988478 0.21732239966967 -0.700001 -2.9 -0.6
2004-11-15 0.975206 0.987084 0.21732239966967 3.1 -0.0999999 -2.7
2004-11-16 0.981381 0.972445 0.21732239966967 -0.1 3.5 -1.6
2005-11-02 0.816675 0.883106 0.21732239966967 2.6 1.2 -4.2
2005-11-06 0.753225 0.74455 0.21732239966967 2 -0.1 -1
2005-11-08 0.74757 0.586793 0.21732239966967 0.199999 -1.4 -0.3
2005-11-09 0.592332 0.417839 0.21732239966967 0 -1.3 -0.8
2005-11-16 0.962426 0.989543 0.21732239966967 -1.6 -0.9 -4
2005-11-23 0.596661 0.69912 0.21732239966967 -0.700001 0.8 -5.8
2005-11-24 0.948719 0.958851 0.21732239966967 3.7 -2 -4.2
2005-11-25 0.831552 0.793045 0.21732239966967 0.299999 -4.7 -2.3
2005-11-26 0.897833 0.974899 0.21732239966967 -1.3 -4.1 0.4
2005-11-28 0.970931 0.978274 0.21732239966967 0.9 1.2 -5.3
2005-11-30 0.966817 0.970353 0.21732239966967 0.300001 -2.1 -2.8
2003-11-24 1 1 0.176174399732215 -2.4 3.9 -1.5
2003-11-25 1 0.982 0.176174399732215 -0.1 4.6 1.2
2003-11-26 0.959025 0.991829 0.176174399732215 -0.800001 2.4 -1.1
2003-11-27 0.991038 0.928763 0.176174399732215 5.8 1.8 -8.6
2003-11-28 0.865142 0.852725 0.176174399732215 -1.5 4.3 -4
2003-11-29 0.937721 0.92126 0.176174399732215 -0.299999 1.4 -3.7
2003-11-30 0.889937 0.910763 0.176174399732215 1.3 0.3 -6.5
2004-11-01 0.949531 0.963023 0.176174399732215 0.699999 0.8 0.8
2004-11-02 0.94505 0.946805 0.176174399732215 0.9 2 -5.2
2004-11-03 0.955207 0.961022 0.176174399732215 4.8 2.2 -1.2
2004-11-04 0.949385 0.957426 0.176174399732215 6.1 0.3 -3.9
2004-11-05 0.945851 0.957045 0.176174399732215 -0.199999 -2 0.0999999
2004-11-06 0.957679 0.953731 0.176174399732215 0.5 0.4 -0.3
2004-11-07 0.600085 0.583108 0.176174399732215 -2.5 1.5 -0.3
2004-11-08 0.512922 0.742136 0.176174399732215 1.1 4.5 1.1
2004-11-09 0.552778 0.862183 0.176174399732215 1.3 2.5 0.7
2004-11-10 0.962971 0.950456 0.176174399732215 2.3 2.3 -0.0999994
2004-11-11 0.845715 0.739741 0.176174399732215 0.6 1.2 -1
2004-11-12 0.980272 0.951055 0.176174399732215 2 -1.3 -1.5
2004-11-13 0.88207 0.809249 0.176174399732215 2.4 -2.3 0.5
2004-11-14 0.967304 0.988478 0.176174399732215 -0.4 -0.9 -2.8
2004-11-15 0.974388 0.987084 0.176174399732215 3.6 2.5 -4
2004-11-16 0.979959 0.972445 0.176174399732215 0.4 4.4 -2.2
2005-11-02 0.847147 0.883106 0.176174399732215 3 2.9 -4
2005-11-06 0.782888 0.74455 0.176174399732215 1.3 0.9 -2.5
2005-11-08 0.739384 0.586793 0.176174399732215 0.4 0.5 -1.2
2005-11-09 0.439183 0.417839 0.176174399732215 0.1 0.4 -1.2
2005-11-16 0.978583 0.989543 0.176174399732215 -0.699999 1.5 -4.6
2005-11-23 0.619988 0.69912 0.176174399732215 -0.6 2.7 -6.6
2005-11-24 0.981001 0.958851 0.176174399732215 4.2 -0.5 -5.4
2005-11-25 0.830456 0.793045 0.176174399732215 0.200001 -4.2 -3.6
2005-11-26 0.938042 0.974899 0.176174399732215 0.1 0.0999994 -2
2005-11-28 0.980774 0.978274 0.176174399732215 1.2 2.4 -7.1
2005-11-29 0.982028 0.966533 0.176174399732215 0.799999 2 -7
2005-11-30 0.970599 0.970353 0.176174399732215 0.9 -2.2 -3
2003-11-24 1 1 0.157276799760939 -1.8 -1.5 -0.6
2003-11-25 1 1 0.157276799760939 -1.9 -2 0.4
2003-11-26 0.987829 0.959025 0.157276799760939 -0.699999 -3.7 -1.5
2003-11-27 0.952452 0.991038 0.157276799760939 -1.9 -0.8 -1
2003-11-28 0.903916 0.865142 0.157276799760939 -0.800001 -0.8 -0.6
2003-11-29 0.940186 0.937721 0.157276799760939 -1.3 -1.2 -2.7
2003-11-30 0.912931 0.889937 0.157276799760939 -1.7 1.5 -0.8
2004-11-01 0.962947 0.949531 0.157276799760939 -1.5 -0.3 -1.7
2004-11-02 0.958586 0.94505 0.157276799760939 -1.7 -0.7 -0.4
2004-11-03 0.954128 0.955207 0.157276799760939 -1.7 0.2 0.7
2004-11-04 0.941757 0.949385 0.157276799760939 -1.8 -2.8 -0.3
2004-11-05 0.948498 0.945851 0.157276799760939 -2.2 -0.9 0
2004-11-06 0.884014 0.957679 0.157276799760939 -1.9 -1.2 0
2004-11-07 0.566293 0.600085 0.157276799760939 0.200001 -0.7 0.200001
2004-11-08 0.61154 0.512922 0.157276799760939 -1.2 -2.6 0
2004-11-09 0.554874 0.552778 0.157276799760939 -2 -1.2 0.6
2004-11-10 0.962328 0.962971 0.157276799760939 -1.9 -0.900001 0.7
2004-11-11 0.841595 0.845715 0.157276799760939 -1.5 -1.8 0.7
2004-11-12 0.956281 0.980272 0.157276799760939 -0.1 -2 -0.3
2004-11-13 0.85868 0.88207 0.157276799760939 -1.3 -0.8 0.4
2004-11-14 0.983288 0.967304 0.157276799760939 -0.9 0 -1.9
2004-11-15 0.982565 0.974388 0.157276799760939 -1.4 -0.2 -0.7
2004-11-16 0.952745 0.979959 0.157276799760939 -1.6 0.900001 -0.2
2004-11-17 0.969062 0.988063 0.157276799760939 -1.4 -0.3 0
2004-11-18 0.988355 0.95137 0.157276799760939 -1.5 -0.6 -0.5
2004-11-19 0.969077 0.954832 0.157276799760939 -1.6 -0.4 0.9
2004-11-20 0.959386 0.863579 0.157276799760939 -9.9 -9.6 -3.5
2004-11-21 0.626201 0.730696 0.157276799760939 -2.3 0.8 -4.1
2004-11-22 0.766318 0.715428 0.157276799760939 -0.4 -0.1 0
2004-11-23 0.883027 0.877497 0.157276799760939 -0.900001 -1 0.6
2004-11-24 0.975473 0.961665 0.157276799760939 -1.6 -1.1 0.3
2004-11-25 0.960454 0.969669 0.157276799760939 -1.3 0.3 -0.5
2004-11-26 0.956878 0.915251 0.157276799760939 -1.5 -0.8 0.5
2004-11-27 0.399635 0.362588 0.157276799760939 0 -1.2 -0.3
2004-11-28 1 0.970998 0.157276799760939 -2.4 -0.4 -4.7
2005-11-01 0.958516 0.915511 0.157276799760939 -2 0 -0.3
2005-11-02 0.900104 0.847147 0.157276799760939 -1.7 -0.8 1
2005-11-03 0.928637 0.940604 0.157276799760939 -1.4 -1.3 0.7
2005-11-04 0.851299 0.610131 0.157276799760939 -1.1 -2.3 0.1
2005-11-05 0.970609 0.958941 0.157276799760939 -0.4 -1.2 0.4
2005-11-06 0.745413 0.782888 0.157276799760939 -1.3 -0.4 -0.1
2005-11-07 0.927789 0.88417 0.157276799760939 -1.4 -2.1 0.7
2005-11-08 0.679812 0.739384 0.157276799760939 -1.4 0.1 1.3
2005-11-09 0.423996 0.439183 0.157276799760939 -2.8 -1.2 1.2
2005-11-10 0.397846 0.604833 0.157276799760939 -2.3 -3 1.2
2005-11-11 0.876863 0.682196 0.157276799760939 1.5 -2.5 0.2
2005-11-12 0.966395 0.968234 0.157276799760939 -1.3 -0.7 0.5
2005-11-14 0.975835 0.981785 0.157276799760939 -1.6 0.0999994 -0.5
2005-11-15 0.979225 0.984792 0.157276799760939 -1.8 1.1 -1.2
2005-11-16 0.982099 0.978583 0.157276799760939 -2.4 -0.2 -0.3
2005-11-17 0.974669 0.960328 0.157276799760939 -1.8 -1.1 -0.6
2005-11-18 0.967698 0.974836 0.157276799760939 -1.9 0.7 -4.3
2005-11-21 0.965045 0.979889 0.157276799760939 -1.7 -1.1 -0.6
2005-11-22 0.971089 0.980373 0.157276799760939 -2.3 -0.6 0.1
2005-11-23 0.661627 0.619988 0.157276799760939 1.5 -2.3 -1.3
2005-11-24 0.954141 0.981001 0.157276799760939 -1.1 -0.299999 -2.1
2005-11-25 0.827257 0.830456 0.157276799760939 -0.200001 0.5 -0.2
2005-11-26 0.957535 0.938042 0.157276799760939 -1.4 -2.8 -2.3
2005-11-28 0.970016 0.980774 0.157276799760939 -1.5 -0.6 -1.4
2005-11-29 0.977124 0.982028 0.157276799760939 -1.3 0.2 0
2005-11-30 0.975854 0.970599 0.157276799760939 -0.799999 -0.7 1.5
2003-11-24 1 1 0.155143199764182 -0.4 0.2 -1.2
2003-11-25 1 1 0.155143199764182 -0.2 0.6 -2.2
2003-11-26 0.92967 0.987829 0.155143199764182 -1.4 3.5 1.2
2003-11-27 0.977962 0.952452 0.155143199764182 0 0.9 -1.9
2003-11-28 0.868735 0.903916 0.155143199764182 -1.3 -3.5 -0.4
2003-11-29 0.920494 0.940186 0.155143199764182 -0.699999 1.9 -1.6
2003-11-30 0.863205 0.912931 0.155143199764182 -0.199999 -3.5 -3.4
2004-11-01 0.943926 0.962947 0.155143199764182 -0.699999 -0.7 -0.9
2004-11-02 0.946601 0.958586 0.155143199764182 -0.199999 0.9 -1.9
2004-11-03 0.939342 0.954128 0.155143199764182 0.700001 0.6 -3.4
2004-11-04 0.893287 0.941757 0.155143199764182 -0.199999 2.3 -0.2
2004-11-05 0.937354 0.948498 0.155143199764182 1.7 -0.7 -0.6
2004-11-06 0.941721 0.884014 0.155143199764182 0.299999 0.7 -0.4
2004-11-07 0.481519 0.566293 0.155143199764182 -2 -0.4 -0.5
2004-11-08 0.573399 0.61154 0.155143199764182 -0.3 1.2 -0.2
2004-11-09 0.53035 0.554874 0.155143199764182 0.599999 0.200001 -1
2004-11-10 0.961415 0.962328 0.155143199764182 -0.1 -0.7 -0.8
2004-11-11 0.748782 0.841595 0.155143199764182 -0.700001 0.2 -1
2004-11-12 0.948796 0.956281 0.155143199764182 -1.7 0.6 -0.2
2004-11-13 0.811035 0.85868 0.155143199764182 -0.700001 -0.3 -1.4
2004-11-14 0.971597 0.983288 0.155143199764182 -0.800001 1 -0.2
2004-11-15 0.979359 0.982565 0.155143199764182 -1.1 1.2 -1.9
2004-11-16 0.976803 0.952745 0.155143199764182 -0.299999 1.6 -2.6
2004-11-17 0.9852 0.969062 0.155143199764182 -0.400002 -1.3 -1.7
2004-11-18 0.981821 0.988355 0.155143199764182 -0.4 1.1 -1.7
2004-11-19 0.98457 0.969077 0.155143199764182 1.2 -0.400001 -2.5
2004-11-20 0.889868 0.959386 0.155143199764182 8 7.9 3.3
2004-11-21 0.654707 0.626201 0.155143199764182 -0.200001 -1.6 3.5
2004-11-22 0.732809 0.766318 0.155143199764182 -2.8 -1.6 -0.8
2004-11-23 0.852474 0.883027 0.155143199764182 -1.6 0.1 -1.7
2004-11-24 0.989442 0.975473 0.155143199764182 -0.6 -0.4 -2.1
2004-11-25 0.97832 0.960454 0.155143199764182 -0.6 0.4 -1.8
2004-11-26 0.962262 0.956878 0.155143199764182 -0.299999 -1.2 -1.1
2004-11-27 0.39452 0.399635 0.155143199764182 -2.2 0.6 0
2004-11-28 1 1 0.155143199764182 -0.3 1.6 7.6
2005-11-01 0.926925 0.958516 0.155143199764182 0.4 -5.3 -2.6
2005-11-02 0.822659 0.900104 0.155143199764182 0.4 1.5 -5.7
2005-11-03 0.972761 0.928637 0.155143199764182 -0.199999 -1.2 -1.9
2005-11-04 0.539443 0.851299 0.155143199764182 -0.800001 1.5 -1
2005-11-05 0.976571 0.970609 0.155143199764182 -0.5 -0.3 -2.3
2005-11-06 0.770652 0.745413 0.155143199764182 1.4 -0.7 -1.7
2005-11-07 0.874938 0.927789 0.155143199764182 1.4 0.9 -2.8
2005-11-08 0.721602 0.679812 0.155143199764182 0.199999 -3 -1.2
2005-11-09 0.694825 0.423996 0.155143199764182 2 -1.9 -2.2
2005-11-10 0.522585 0.397846 0.155143199764182 1 2.4 -1.6
2005-11-11 0.505153 0.876863 0.155143199764182 -3.4 1 -0.5
2005-11-12 0.979963 0.966395 0.155143199764182 0.5 -1.1 -2.5
2005-11-14 0.981401 0.975835 0.155143199764182 0.300001 0.6 -4
2005-11-15 0.983778 0.979225 0.155143199764182 -0.1 1.7 -3.7
2005-11-16 0.964603 0.982099 0.155143199764182 -0.699999 0.3 -2.7
2005-11-17 0.957407 0.974669 0.155143199764182 -0.700001 -3.8 -2.2
2005-11-18 0.956891 0.967698 0.155143199764182 -0.4 0.1 0.5
2005-11-21 0.965106 0.965045 0.155143199764182 -0.6 0.3 -3
2005-11-22 0.964187 0.971089 0.155143199764182 -0.4 -5.2 -2.7
2005-11-23 0.60982 0.661627 0.155143199764182 -0.799999 3.8 -4.7
2005-11-24 0.960546 0.954141 0.155143199764182 0.300001 -2.7 -2.3
2005-11-25 0.871335 0.827257 0.155143199764182 0.4 0.9 -1.7
2005-11-26 0.918419 0.957535 0.155143199764182 -1.4 0 3.7
2005-11-28 0.967892 0.970016 0.155143199764182 -0.5 0.5 -3.3
2005-11-29 0.97365 0.977124 0.155143199764182 -0.200001 -3.3 -1.9
2005-11-30 0.968533 0.975854 0.155143199764182 -0.299999 -0.6 -4.8
2003-11-24 1 1 0.118871999819315 -0.900002 -5.8 -0.5
2003-11-25 1 1 0.118871999819315 0.800001 -5.1 -0.7
2003-11-26 0.966204 0.978815 0.118871999819315 0.800001 -2.2 0.7
2003-11-27 0.985977 0.962595 0.118871999819315 -1.5 -4.2 1.1
2003-11-28 0.792135 0.824528 0.118871999819315 -0.5 -3.8 1
2003-11-29 0.904854 0.940829 0.118871999819315 1.5 -4 0.9
2003-11-30 0.902792 0.872297 0.118871999819315 1.7 -3.7 -0.7
2004-11-01 0.955547 0.935524 0.118871999819315 -0.4 -9.1 1.9
2004-11-02 0.9495 0.941906 0.118871999819315 0.700001 -3.4 -0.5
2004-11-03 0.947572 0.945375 0.118871999819315 0.1 -3.1 -1.6
2004-11-04 0.954042 0.922212 0.118871999819315 0.299999 -1.6 -1.8
2004-11-05 0.954891 0.914797 0.118871999819315 1.7 -3.7 -0.8
2004-11-06 0.959681 0.943733 0.118871999819315 1.1 -2.2 -1.6
2004-11-07 0.561951 0.586919 0.118871999819315 -1.8 -2.9 -2
2004-11-08 0.505485 0.745835 0.118871999819315 -2.4 0.1 -1.2
2004-11-09 0.545806 0.672425 0.118871999819315 -2.1 -3.1 -2.5
2004-11-10 0.954572 0.936825 0.118871999819315 1.1 -3.5 -2.2
2004-11-11 0.793575 0.826122 0.118871999819315 0 -3 -2.1
2004-11-12 0.96765 0.927874 0.118871999819315 -0.299999 -1.7 -1.1
2004-11-13 0.875845 0.79052 0.118871999819315 -0.1 -3.1 -3.1
2004-11-14 0.974117 0.96679 0.118871999819315 -1.1 -5.1 -0.4
2004-11-15 0.975206 0.960683 0.118871999819315 0.1 -6.4 -0.9
2004-11-16 0.981381 0.971297 0.118871999819315 0.200001 -4.5 -1.1
2004-11-17 0.982245 0.986374 0.118871999819315 1.1 -2 -1.2
2004-11-18 0.967854 0.954734 0.118871999819315 1.1 -3.5 -0.8
2004-11-19 0.970477 0.95416 0.118871999819315 1.5 -2.2 -1.6
2004-11-20 0.875694 0.930122 0.118871999819315 3.6 8.3 2.6
2004-11-21 0.664271 0.863816 0.118871999819315 -2.2 -0.6 -0.7
2004-11-22 0.674418 0.838478 0.118871999819315 -2.6 -3.1 -0.8
2004-11-23 0.853003 0.885933 0.118871999819315 -0.300001 -1.8 -2.4
2004-11-24 0.980304 0.96347 0.118871999819315 1.6 -2.3 -2.5
2004-11-25 0.976927 0.98638 0.118871999819315 1.1 -1.1 -1.7
2004-11-26 0.943139 0.938578 0.118871999819315 0.299999 -2.6 -2.6
2004-11-27 0.388367 0.385402 0.118871999819315 -2.6 -3.5 -0.8
2004-11-28 1 1 0.118871999819315 -0.4 -5.2 4.4
2005-11-01 0.934404 0.950039 0.118871999819315 1.1 -5.3 -0.6
2005-11-02 0.816675 0.868274 0.118871999819315 2.7 -3.7 -4.7
2005-11-03 0.93723 0.865399 0.118871999819315 1 -2.5 -1.7
2005-11-04 0.503536 0.856907 0.118871999819315 0.800001 -1.6 -1.9
2005-11-05 0.967033 0.969813 0.118871999819315 2.5 -1.9 -2.1
2005-11-06 0.753225 0.72255 0.118871999819315 1.4 -3.2 -1.3
2005-11-07 0.799633 0.823887 0.118871999819315 1.5 -0.900001 -2
2005-11-08 0.74757 0.608693 0.118871999819315 -0.200001 -4.5 -2.1
2005-11-09 0.592332 0.346469 0.118871999819315 1.5 -0.9 -2.4
2005-11-10 0.648387 0.722916 0.118871999819315 0 1.2 -1.7
2005-11-11 0.47723 0.950785 0.118871999819315 -2.1 -0.599999 -1.5
2005-11-12 0.965001 0.965172 0.118871999819315 3.2 -3.6 -3.2
2005-11-15 0.983057 0.949192 0.118871999819315 1.1 -1.5 -2.4
2005-11-16 0.962426 0.929461 0.118871999819315 2 -7.5 -2.3
2005-11-17 0.974112 0.919446 0.118871999819315 1.7 -8.2 0.5
2005-11-18 0.970832 0.930968 0.118871999819315 0.4 -9.8 3.2
2005-11-21 0.971801 0.919513 0.118871999819315 -0.400002 -5.1 0.8
2005-11-22 0.949697 0.922426 0.118871999819315 3.9 -6.1 -2.9
2005-11-23 0.596661 0.624625 0.118871999819315 0.6 -3.6 -6.2
2005-11-24 0.948719 0.938414 0.118871999819315 2.2 -3.9 -3.5
2005-11-25 0.831552 0.698609 0.118871999819315 2.2 -2.4 -2.7
2005-11-26 0.897833 0.929159 0.118871999819315 -0.700001 -6 0.8
2005-11-28 0.970931 0.970027 0.118871999819315 -0.1 -6.3 -0.3
2005-11-30 0.966817 0.971529 0.118871999819315 2.1 -2.7 -4.8
2003-11-24 1 1 0.116128799823484 -0.4 -0.2 -3.1
2003-11-25 1 1 0.116128799823484 -1.6 0.5 -1.9
2003-11-26 0.987829 0.966204 0.116128799823484 -0.5 -1.9 -2.9
2003-11-27 0.952452 0.985977 0.116128799823484 -1.2 0.6 -2.1
2003-11-28 0.903916 0.792135 0.116128799823484 -0.700001 -2.7 -1.3
2003-11-29 0.940186 0.904854 0.116128799823484 -2 0.4 -5.4
2003-11-30 0.912931 0.902792 0.116128799823484 -1.3 0.9 -3.7
2004-11-01 0.962947 0.955547 0.116128799823484 -0.700001 1.9 -2.6
2004-11-02 0.958586 0.9495 0.116128799823484 -2.3 1.6 -2.5
2004-11-03 0.954128 0.947572 0.116128799823484 -1 -0.5 -0.2
2004-11-04 0.941757 0.954042 0.116128799823484 -1.6 -1.1 -0.7
2004-11-05 0.948498 0.954891 0.116128799823484 -2.2 0 -0.6
2004-11-06 0.884014 0.959681 0.116128799823484 -1.9 -0.7 -0.6
2004-11-07 0.566293 0.561951 0.116128799823484 -0.5 -0.8 -0.7
2004-11-08 0.61154 0.505485 0.116128799823484 -1.2 -3.1 -0.9
2004-11-09 0.554874 0.545806 0.116128799823484 -1.3 0.599999 1.1
2004-11-10 0.962328 0.954572 0.116128799823484 -1.4 0.3 -0.1
2004-11-11 0.841595 0.793575 0.116128799823484 -1.2 0.3 0.3
2004-11-12 0.956281 0.96765 0.116128799823484 0.199999 -1.4 -1.1
2004-11-13 0.85868 0.875845 0.116128799823484 -0.799999 0.2 -0.2
2004-11-14 0.983288 0.974117 0.116128799823484 -0.599998 2 -4.1
2004-11-15 0.982565 0.975206 0.116128799823484 -0.900002 2.4 -2
2004-11-16 0.952745 0.981381 0.116128799823484 -1.1 1.8 -0.8
2004-11-17 0.969062 0.982245 0.116128799823484 -0.699999 -0.2 -1.2
2004-11-18 0.988355 0.967854 0.116128799823484 -0.6 0.0999994 -2
2004-11-19 0.969077 0.970477 0.116128799823484 -1.4 -0.4 -0.700001
2004-11-20 0.959386 0.875694 0.116128799823484 -9.3 -8.3 -4.6
2004-11-21 0.626201 0.664271 0.116128799823484 -1.4 -0.0999999 -4.3
2004-11-22 0.766318 0.674418 0.116128799823484 0.3 0.0999999 -0.7
2004-11-23 0.883027 0.853003 0.116128799823484 -1.1 -2 0.8
2004-11-24 0.975473 0.980304 0.116128799823484 -0.5 -1.1 -0.6
2004-11-25 0.960454 0.976927 0.116128799823484 -1.4 -1 -1.2
2004-11-26 0.956878 0.943139 0.116128799823484 -1.1 -0.0999999 0
2004-11-27 0.399635 0.388367 0.116128799823484 0.5 0 -0.900001
2004-11-28 1 1 0.116128799823484 -1.7 0.6 -8.4
2005-11-01 0.958516 0.934404 0.116128799823484 -2.3 2.2 -0.3
2005-11-02 0.900104 0.816675 0.116128799823484 -1.3 0.900001 1.2
2005-11-03 0.928637 0.93723 0.116128799823484 -0.5 0 0.3
2005-11-04 0.851299 0.503536 0.116128799823484 -1.5 -0.6 -0.1
2005-11-05 0.970609 0.967033 0.116128799823484 0.1 -0.2 -0.1
2005-11-06 0.745413 0.753225 0.116128799823484 -2 0.6 -1.6
2005-11-07 0.927789 0.799633 0.116128799823484 -1.2 -1.8 -0.3
2005-11-08 0.679812 0.74757 0.116128799823484 -1.2 2 0.4
2005-11-09 0.423996 0.592332 0.116128799823484 -2.7 0.5 0.8
2005-11-10 0.397846 0.648387 0.116128799823484 -1.2 -4.1 0.599999
2005-11-11 0.876863 0.47723 0.116128799823484 2.7 -1.2 -0.7
2005-11-12 0.966395 0.965001 0.116128799823484 -1.8 1.1 0.2
2005-11-15 0.979225 0.983057 0.116128799823484 -1.4 2 -0.8
2005-11-16 0.982099 0.962426 0.116128799823484 -1.5 2.2 -0.9
2005-11-17 0.974669 0.974112 0.116128799823484 -1 1.6 -3.2
2005-11-18 0.967698 0.970832 0.116128799823484 -1.7 3.8 -7.8
2005-11-21 0.965045 0.971801 0.116128799823484 -0.9 -2.6 -3.7
2005-11-22 0.971089 0.949697 0.116128799823484 -1.9 2.3 -3.5
2005-11-23 0.661627 0.596661 0.116128799823484 1.6 -0.400001 -2.1
2005-11-24 0.954141 0.948719 0.116128799823484 -0.6 1.2 -3.3
2005-11-25 0.827257 0.831552 0.116128799823484 -0.299999 1 -1.5
2005-11-26 0.957535 0.897833 0.116128799823484 0 1.4 -4.7
2005-11-28 0.970016 0.970931 0.116128799823484 -1.2 0.6 -3.2
2005-11-30 0.975854 0.966817 0.116128799823484 -0.200001 -0.8 1.3
2003-11-24 1 1 0.0984503998503554 -2.9 8.4 1.5
2003-11-25 1 0.982 0.0984503998503554 -1.2 7.2 4.2
2003-11-26 0.978815 0.991829 0.0984503998503554 -1.8 2.8 -0.4
2003-11-27 0.962595 0.928763 0.0984503998503554 6.6 4.6 -8.6
2003-11-28 0.824528 0.852725 0.0984503998503554 -1.1 10 -4.3
2003-11-29 0.940829 0.92126 0.0984503998503554 -1.1 3.8 -1.9
2003-11-30 0.872297 0.910763 0.0984503998503554 -0.799999 4.6 -2.9
2004-11-01 0.935524 0.963023 0.0984503998503554 0.299999 7.7 -0.2
2004-11-02 0.941906 0.946805 0.0984503998503554 0.799999 3.1 -2.6
2004-11-03 0.945375 0.961022 0.0984503998503554 4 6 1.3
2004-11-04 0.922212 0.957426 0.0984503998503554 5.6 0.2 -1.7
2004-11-05 0.914797 0.957045 0.0984503998503554 -1.9 0.8 1.5
2004-11-06 0.943733 0.953731 0.0984503998503554 -0.6 2.1 1.9
2004-11-07 0.586919 0.583108 0.0984503998503554 0 4.5 2.6
2004-11-08 0.745835 0.742136 0.0984503998503554 3.5 4.9 3.2
2004-11-09 0.672425 0.862183 0.0984503998503554 2.7 3.8 2.7
2004-11-10 0.936825 0.950456 0.0984503998503554 0.699999 4.6 2.9
2004-11-11 0.826122 0.739741 0.0984503998503554 0.300001 2.1 1.5
2004-11-12 0.927874 0.951055 0.0984503998503554 2 -0.2 0.400001
2004-11-13 0.79052 0.809249 0.0984503998503554 2 -0.2 4.2
2004-11-14 0.96679 0.988478 0.0984503998503554 0.4 2.2 -0.2
2004-11-15 0.960683 0.987084 0.0984503998503554 3 6.3 -1.8
2004-11-16 0.971297 0.972445 0.0984503998503554 -0.300001 8 -0.5
2005-11-02 0.868274 0.883106 0.0984503998503554 -0.0999985 4.9 0.5
2005-11-06 0.72255 0.74455 0.0984503998503554 0.6 3.1 0.299999
2005-11-08 0.608693 0.586793 0.0984503998503554 0.4 3.1 1.8
2005-11-09 0.346469 0.417839 0.0984503998503554 -1.5 -0.400001 1.6
2005-11-16 0.929461 0.989543 0.0984503998503554 -3.6 6.6 -1.7
2005-11-23 0.624625 0.69912 0.0984503998503554 -1.3 4.4 0.4
2005-11-24 0.938414 0.958851 0.0984503998503554 1.5 1.9 -0.7
2005-11-25 0.698609 0.793045 0.0984503998503554 -1.9 -2.3 0.400001
2005-11-26 0.929159 0.974899 0.0984503998503554 -0.6 1.9 -0.4
2005-11-28 0.970027 0.978274 0.0984503998503554 1 7.5 -5
2005-11-29 0.968241 0.966533 0.0984503998503554 -0.900002 5.1 -0.7
2005-11-30 0.971529 0.970353 0.0984503998503554 -1.8 0.599999 2
2003-11-24 1 1 0.0777239998818595 0.5 -4.5 -3
2003-11-25 1 1 0.0777239998818595 1.1 -2.6 -3
2003-11-26 0.959025 0.978815 0.0777239998818595 1 -0.4 -0.7
2003-11-27 0.991038 0.962595 0.0777239998818595 -0.799999 -2.8 0
2003-11-28 0.865142 0.824528 0.0777239998818595 -0.4 -5.7 0.3
2003-11-29 0.937721 0.940829 0.0777239998818595 0.800001 -2.4 -1.8
2003-11-30 0.889937 0.872297 0.0777239998818595 2.1 -4.3 -3.6
2004-11-01 0.949531 0.935524 0.0777239998818595 0.4 -6.9 1
2004-11-02 0.94505 0.941906 0.0777239998818595 0.1 -1.1 -2.6
2004-11-03 0.955207 0.945375 0.0777239998818595 0.800001 -3.8 -2.5
2004-11-04 0.949385 0.922212 0.0777239998818595 0.5 0.0999999 -2.2
2004-11-05 0.945851 0.914797 0.0777239998818595 1.7 -2.8 -1.4
2004-11-06 0.957679 0.943733 0.0777239998818595 1.1 -1.7 -2.2
2004-11-07 0.600085 0.586919 0.0777239998818595 -2.5 -3 -2.9
2004-11-08 0.512922 0.745835 0.0777239998818595 -2.4 -0.4 -2.1
2004-11-09 0.552778 0.672425 0.0777239998818595 -1.4 -1.3 -2
2004-11-10 0.962971 0.936825 0.0777239998818595 1.6 -2.3 -3
2004-11-11 0.845715 0.826122 0.0777239998818595 0.299999 -0.9 -2.5
2004-11-12 0.980272 0.927874 0.0777239998818595 0 -1.1 -1.9
2004-11-13 0.88207 0.79052 0.0777239998818595 0.4 -2.1 -3.7
2004-11-14 0.967304 0.96679 0.0777239998818595 -0.799999 -3.1 -2.6
2004-11-15 0.974388 0.960683 0.0777239998818595 0.6 -3.8 -2.2
2004-11-16 0.979959 0.971297 0.0777239998818595 0.700001 -3.6 -1.7
2004-11-17 0.988063 0.986374 0.0777239998818595 1.8 -1.9 -2.4
2004-11-18 0.95137 0.954734 0.0777239998818595 2 -2.8 -2.3
2004-11-19 0.954832 0.95416 0.0777239998818595 1.7 -2.2 -3.2
2004-11-20 0.863579 0.930122 0.0777239998818595 4.2 9.6 1.5
2004-11-21 0.730696 0.863816 0.0777239998818595 -1.3 -1.5 -0.9
2004-11-22 0.715428 0.838478 0.0777239998818595 -1.9 -2.9 -1.5
2004-11-23 0.877497 0.885933 0.0777239998818595 -0.5 -2.8 -2.2
2004-11-24 0.961665 0.96347 0.0777239998818595 2.7 -2.3 -3.4
2004-11-25 0.969669 0.98638 0.0777239998818595 1 -2.4 -2.4
2004-11-26 0.915251 0.938578 0.0777239998818595 0.699999 -1.9 -3.1
2004-11-27 0.362588 0.385402 0.0777239998818595 -2.1 -2.3 -1.4
2004-11-28 0.970998 1 0.0777239998818595 0.300001 -4.2 0.7
2005-11-01 0.915511 0.950039 0.0777239998818595 0.800001 -3.1 -0.6
2005-11-02 0.847147 0.868274 0.0777239998818595 3.1 -2 -4.5
2005-11-03 0.940604 0.865399 0.0777239998818595 1.9 -1.2 -2.1
2005-11-04 0.610131 0.856907 0.0777239998818595 0.4 0.1 -2.1
2005-11-05 0.958941 0.969813 0.0777239998818595 3 -0.9 -2.6
2005-11-06 0.782888 0.72255 0.0777239998818595 0.700001 -2.2 -2.8
2005-11-07 0.88417 0.823887 0.0777239998818595 1.7 -0.6 -3
2005-11-08 0.739384 0.608693 0.0777239998818595 0 -2.6 -3
2005-11-09 0.439183 0.346469 0.0777239998818595 1.6 0.8 -2.8
2005-11-10 0.604833 0.722916 0.0777239998818595 1.1 0.0999994 -2.3
2005-11-11 0.682196 0.950785 0.0777239998818595 -0.900002 0.7 -2.4
2005-11-12 0.968234 0.965172 0.0777239998818595 2.7 -1.8 -3.5
2005-11-14 0.981785 0.903711 0.0777239998818595 6.4 -1.1 -5.7
2005-11-15 0.984792 0.949192 0.0777239998818595 1.5 -0.6 -2
2005-11-16 0.978583 0.929461 0.0777239998818595 2.9 -5.1 -2.9
2005-11-17 0.960328 0.919446 0.0777239998818595 2.5 -5.5 -2.1
2005-11-18 0.974836 0.930968 0.0777239998818595 0.599998 -6.7 -0.3
2005-11-21 0.979889 0.919513 0.0777239998818595 0.4 -6.6 -2.3
2005-11-22 0.980373 0.922426 0.0777239998818595 4.3 -3.2 -6.5
2005-11-23 0.619988 0.624625 0.0777239998818595 0.700001 -1.7 -7
2005-11-24 0.981001 0.938414 0.0777239998818595 2.7 -2.4 -4.7
2005-11-25 0.830456 0.698609 0.0777239998818595 2.1 -1.9 -4
2005-11-26 0.938042 0.929159 0.0777239998818595 0.700001 -1.8 -1.6
2005-11-28 0.980774 0.970027 0.0777239998818595 0.199999 -5.1 -2.1
2005-11-29 0.982028 0.968241 0.0777239998818595 1.7 -3.1 -6.3
2005-11-30 0.970599 0.971529 0.0777239998818595 2.7 -2.8 -5
2003-11-24 1 1 0.041147999937455 -1.4 -1.3 2.5
2003-11-25 1 1 0.041147999937455 -0.299999 -2.5 2.3
2003-11-26 0.966204 0.959025 0.041147999937455 -0.199999 -1.8 1.4
2003-11-27 0.985977 0.991038 0.041147999937455 -0.700001 -1.4 1.1
2003-11-28 0.792135 0.865142 0.041147999937455 -0.1 1.9 0.7
2003-11-29 0.904854 0.937721 0.041147999937455 0.699999 -1.6 2.7
2003-11-30 0.902792 0.889937 0.041147999937455 -0.4 0.6 2.9
2004-11-01 0.955547 0.949531 0.041147999937455 -0.799999 -2.2 0.9
2004-11-02 0.9495 0.94505 0.041147999937455 0.6 -2.3 2.1
2004-11-03 0.947572 0.955207 0.041147999937455 -0.700001 0.7 0.9
2004-11-04 0.954042 0.949385 0.041147999937455 -0.200001 -1.7 0.4
2004-11-05 0.954891 0.945851 0.041147999937455 0 -0.9 0.6
2004-11-06 0.959681 0.957679 0.041147999937455 0 -0.5 0.6
2004-11-07 0.561951 0.600085 0.041147999937455 0.700001 0.0999994 0.900001
2004-11-08 0.505485 0.512922 0.041147999937455 0 0.5 0.9
2004-11-09 0.545806 0.552778 0.041147999937455 -0.700001 -1.8 -0.5
2004-11-10 0.954572 0.962971 0.041147999937455 -0.5 -1.2 0.8
2004-11-11 0.793575 0.845715 0.041147999937455 -0.299999 -2.1 0.4
2004-11-12 0.96765 0.980272 0.041147999937455 -0.299999 -0.6 0.8
2004-11-13 0.875845 0.88207 0.041147999937455 -0.5 -1 0.599999
2004-11-14 0.974117 0.967304 0.041147999937455 -0.300001 -2 2.2
2004-11-15 0.975206 0.974388 0.041147999937455 -0.5 -2.6 1.3
2004-11-16 0.981381 0.979959 0.041147999937455 -0.5 -0.9 0.6
2004-11-17 0.982245 0.988063 0.041147999937455 -0.700001 -0.1 1.2
2004-11-18 0.967854 0.95137 0.041147999937455 -0.9 -0.7 1.5
2004-11-19 0.970477 0.954832 0.041147999937455 -0.200001 0 1.6
2004-11-20 0.875694 0.863579 0.041147999937455 -0.6 -1.3 1.1
2004-11-21 0.664271 0.730696 0.041147999937455 -0.9 0.9 0.2
2004-11-22 0.674418 0.715428 0.041147999937455 -0.7 -0.2 0.7
2004-11-23 0.853003 0.877497 0.041147999937455 0.199999 1 -0.2
2004-11-24 0.980304 0.961665 0.041147999937455 -1.1 0 0.9
2004-11-25 0.976927 0.969669 0.041147999937455 0.1 1.3 0.7
2004-11-26 0.943139 0.915251 0.041147999937455 -0.4 -0.7 0.5
2004-11-27 0.388367 0.362588 0.041147999937455 -0.5 -1.2 0.6
2004-11-28 1 0.970998 0.041147999937455 -0.700001 -1 3.7
2005-11-01 0.934404 0.915511 0.041147999937455 0.299999 -2.2 0
2005-11-02 0.816675 0.847147 0.041147999937455 -0.4 -1.7 -0.2
2005-11-03 0.93723 0.940604 0.041147999937455 -0.900002 -1.3 0.4
2005-11-04 0.503536 0.610131 0.041147999937455 0.400002 -1.7 0.200001
2005-11-05 0.967033 0.958941 0.041147999937455 -0.5 -1 0.5
2005-11-06 0.753225 0.782888 0.041147999937455 0.699999 -1 1.5
2005-11-07 0.799633 0.88417 0.041147999937455 -0.199999 -0.3 1
2005-11-08 0.74757 0.739384 0.041147999937455 -0.200001 -1.9 0.9
2005-11-09 0.592332 0.439183 0.041147999937455 -0.1 -1.7 0.4
2005-11-10 0.648387 0.604833 0.041147999937455 -1.1 1.1 0.6
2005-11-11 0.47723 0.682196 0.041147999937455 -1.2 -1.3 0.9
2005-11-12 0.965001 0.968234 0.041147999937455 0.5 -1.8 0.3
2005-11-15 0.983057 0.984792 0.041147999937455 -0.4 -0.9 -0.4
2005-11-16 0.962426 0.978583 0.041147999937455 -0.900002 -2.4 0.6
2005-11-17 0.974112 0.960328 0.041147999937455 -0.799999 -2.7 2.6
2005-11-18 0.970832 0.974836 0.041147999937455 -0.199999 -3.1 3.5
2005-11-21 0.971801 0.979889 0.041147999937455 -0.800001 1.5 3.1
2005-11-22 0.949697 0.980373 0.041147999937455 -0.4 -2.9 3.6
2005-11-23 0.596661 0.619988 0.041147999937455 -0.1 -1.9 0.8
2005-11-24 0.948719 0.981001 0.041147999937455 -0.5 -1.5 1.2
2005-11-25 0.831552 0.830456 0.041147999937455 0.0999985 -0.5 1.3
2005-11-26 0.897833 0.938042 0.041147999937455 -1.4 -4.2 2.4
2005-11-28 0.970931 0.980774 0.041147999937455 -0.299999 -1.2 1.8
2005-11-30 0.966817 0.970599 0.041147999937455 -0.599998 0.0999999 0.2
2003-11-24 1 1 -0.041147999937455 1.4 1.3 -2.5
2003-11-25 1 1 -0.041147999937455 0.299999 2.5 -2.3
2003-11-26 0.959025 0.966204 -0.041147999937455 0.199999 1.8 -1.4
2003-11-27 0.991038 0.985977 -0.041147999937455 0.700001 1.4 -1.1
2003-11-28 0.865142 0.792135 -0.041147999937455 0.1 -1.9 -0.7
2003-11-29 0.937721 0.904854 -0.041147999937455 -0.699999 1.6 -2.7
2003-11-30 0.889937 0.902792 -0.041147999937455 0.4 -0.6 -2.9
2004-11-01 0.949531 0.955547 -0.041147999937455 0.799999 2.2 -0.9
2004-11-02 0.94505 0.9495 -0.041147999937455 -0.6 2.3 -2.1
2004-11-03 0.955207 0.947572 -0.041147999937455 0.700001 -0.7 -0.9
2004-11-04 0.949385 0.954042 -0.041147999937455 0.200001 1.7 -0.4
2004-11-05 0.945851 0.954891 -0.041147999937455 0 0.9 -0.6
2004-11-06 0.957679 0.959681 -0.041147999937455 0 0.5 -0.6
2004-11-07 0.600085 0.561951 -0.041147999937455 -0.700001 -0.0999994 -0.900001
2004-11-08 0.512922 0.505485 -0.041147999937455 0 -0.5 -0.9
2004-11-09 0.552778 0.545806 -0.041147999937455 0.700001 1.8 0.5
2004-11-10 0.962971 0.954572 -0.041147999937455 0.5 1.2 -0.8
2004-11-11 0.845715 0.793575 -0.041147999937455 0.299999 2.1 -0.4
2004-11-12 0.980272 0.96765 -0.041147999937455 0.299999 0.6 -0.8
2004-11-13 0.88207 0.875845 -0.041147999937455 0.5 1 -0.599999
2004-11-14 0.967304 0.974117 -0.041147999937455 0.300001 2 -2.2
2004-11-15 0.974388 0.975206 -0.041147999937455 0.5 2.6 -1.3
2004-11-16 0.979959 0.981381 -0.041147999937455 0.5 0.9 -0.6
2004-11-17 0.988063 0.982245 -0.041147999937455 0.700001 0.1 -1.2
2004-11-18 0.95137 0.967854 -0.041147999937455 0.9 0.7 -1.5
2004-11-19 0.954832 0.970477 -0.041147999937455 0.200001 0 -1.6
2004-11-20 0.863579 0.875694 -0.041147999937455 0.6 1.3 -1.1
2004-11-21 0.730696 0.664271 -0.041147999937455 0.9 -0.9 -0.2
2004-11-22 0.715428 0.674418 -0.041147999937455 0.7 0.2 -0.7
2004-11-23 0.877497 0.853003 -0.041147999937455 -0.199999 -1 0.2
2004-11-24 0.961665 0.980304 -0.041147999937455 1.1 0 -0.9
2004-11-25 0.969669 0.976927 -0.041147999937455 -0.1 -1.3 -0.7
2004-11-26 0.915251 0.943139 -0.041147999937455 0.4 0.7 -0.5
2004-11-27 0.362588 0.388367 -0.041147999937455 0.5 1.2 -0.6
2004-11-28 0.970998 1 -0.041147999937455 0.700001 1 -3.7
2005-11-01 0.915511 0.934404 -0.041147999937455 -0.299999 2.2 0
2005-11-02 0.847147 0.816675 -0.041147999937455 0.4 1.7 0.2
2005-11-03 0.940604 0.93723 -0.041147999937455 0.900002 1.3 -0.4
2005-11-04 0.610131 0.503536 -0.041147999937455 -0.400002 1.7 -0.200001
2005-11-05 0.958941 0.967033 -0.041147999937455 0.5 1 -0.5
2005-11-06 0.782888 0.753225 -0.041147999937455 -0.699999 1 -1.5
2005-11-07 0.88417 0.799633 -0.041147999937455 0.199999 0.3 -1
2005-11-08 0.739384 0.74757 -0.041147999937455 0.200001 1.9 -0.9
2005-11-09 0.439183 0.592332 -0.041147999937455 0.1 1.7 -0.4
2005-11-10 0.604833 0.648387 -0.041147999937455 1.1 -1.1 -0.6
2005-11-11 0.682196 0.47723 -0.041147999937455 1.2 1.3 -0.9
2005-11-12 0.968234 0.965001 -0.041147999937455 -0.5 1.8 -0.3
2005-11-15 0.984792 0.983057 -0.041147999937455 0.4 0.9 0.4
2005-11-16 0.978583 0.962426 -0.041147999937455 0.900002 2.4 -0.6
2005-11-17 0.960328 0.974112 -0.041147999937455 0.799999 2.7 -2.6
2005-11-18 0.974836 0.970832 -0.041147999937455 0.199999 3.1 -3.5
2005-11-21 0.979889 0.971801 -0.041147999937455 0.800001 -1.5 -3.1
2005-11-22 0.980373 0.949697 -0.041147999937455 0.4 2.9 -3.6
2005-11-23 0.619988 0.596661 -0.041147999937455 0.1 1.9 -0.8
2005-11-24 0.981001 0.948719 -0.041147999937455 0.5 1.5 -1.2
2005-11-25 0.830456 0.831552 -0.041147999937455 -0.0999985 0.5 -1.3
2005-11-26 0.938042 0.897833 -0.041147999937455 1.4 4.2 -2.4
2005-11-28 0.980774 0.970931 -0.041147999937455 0.299999 1.2 -1.8
2005-11-30 0.970599 0.966817 -0.041147999937455 0.599998 -0.0999999 -0.2
2003-11-24 1 1 -0.0777239998818595 -0.5 4.5 3
2003-11-25 1 1 -0.0777239998818595 -1.1 2.6 3
2003-11-26 0.978815 0.959025 -0.0777239998818595 -1 0.4 0.7
2003-11-27 0.962595 0.991038 -0.0777239998818595 0.799999 2.8 0
2003-11-28 0.824528 0.865142 -0.0777239998818595 0.4 5.7 -0.3
2003-11-29 0.940829 0.937721 -0.0777239998818595 -0.800001 2.4 1.8
2003-11-30 0.872297 0.889937 -0.0777239998818595 -2.1 4.3 3.6
2004-11-01 0.935524 0.949531 -0.0777239998818595 -0.4 6.9 -1
2004-11-02 0.941906 0.94505 -0.0777239998818595 -0.1 1.1 2.6
2004-11-03 0.945375 0.955207 -0.0777239998818595 -0.800001 3.8 2.5
2004-11-04 0.922212 0.949385 -0.0777239998818595 -0.5 -0.0999999 2.2
2004-11-05 0.914797 0.945851 -0.0777239998818595 -1.7 2.8 1.4
2004-11-06 0.943733 0.957679 -0.0777239998818595 -1.1 1.7 2.2
2004-11-07 0.586919 0.600085 -0.0777239998818595 2.5 3 2.9
2004-11-08 0.745835 0.512922 -0.0777239998818595 2.4 0.4 2.1
2004-11-09 0.672425 0.552778 -0.0777239998818595 1.4 1.3 2
2004-11-10 0.936825 0.962971 -0.0777239998818595 -1.6 2.3 3
2004-11-11 0.826122 0.845715 -0.0777239998818595 -0.299999 0.9 2.5
2004-11-12 0.927874 0.980272 -0.0777239998818595 0 1.1 1.9
2004-11-13 0.79052 0.88207 -0.0777239998818595 -0.4 2.1 3.7
2004-11-14 0.96679 0.967304 -0.0777239998818595 0.799999 3.1 2.6
2004-11-15 0.960683 0.974388 -0.0777239998818595 -0.6 3.8 2.2
2004-11-16 0.971297 0.979959 -0.0777239998818595 -0.700001 3.6 1.7
2004-11-17 0.986374 0.988063 -0.0777239998818595 -1.8 1.9 2.4
2004-11-18 0.954734 0.95137 -0.0777239998818595 -2 2.8 2.3
2004-11-19 0.95416 0.954832 -0.0777239998818595 -1.7 2.2 3.2
2004-11-20 0.930122 0.863579 -0.0777239998818595 -4.2 -9.6 -1.5
2004-11-21 0.863816 0.730696 -0.0777239998818595 1.3 1.5 0.9
2004-11-22 0.838478 0.715428 -0.0777239998818595 1.9 2.9 1.5
2004-11-23 0.885933 0.877497 -0.0777239998818595 0.5 2.8 2.2
2004-11-24 0.96347 0.961665 -0.0777239998818595 -2.7 2.3 3.4
2004-11-25 0.98638 0.969669 -0.0777239998818595 -1 2.4 2.4
2004-11-26 0.938578 0.915251 -0.0777239998818595 -0.699999 1.9 3.1
2004-11-27 0.385402 0.362588 -0.0777239998818595 2.1 2.3 1.4
2004-11-28 1 0.970998 -0.0777239998818595 -0.300001 4.2 -0.7
2005-11-01 0.950039 0.915511 -0.0777239998818595 -0.800001 3.1 0.6
2005-11-02 0.868274 0.847147 -0.0777239998818595 -3.1 2 4.5
2005-11-03 0.865399 0.940604 -0.0777239998818595 -1.9 1.2 2.1
2005-11-04 0.856907 0.610131 -0.0777239998818595 -0.4 -0.1 2.1
2005-11-05 0.969813 0.958941 -0.0777239998818595 -3 0.9 2.6
2005-11-06 0.72255 0.782888 -0.0777239998818595 -0.700001 2.2 2.8
2005-11-07 0.823887 0.88417 -0.0777239998818595 -1.7 0.6 3
2005-11-08 0.608693 0.739384 -0.0777239998818595 0 2.6 3
2005-11-09 0.346469 0.439183 -0.0777239998818595 -1.6 -0.8 2.8
2005-11-10 0.722916 0.604833 -0.0777239998818595 -1.1 -0.0999994 2.3
2005-11-11 0.950785 0.682196 -0.0777239998818595 0.900002 -0.7 2.4
2005-11-12 0.965172 0.968234 -0.0777239998818595 -2.7 1.8 3.5
2005-11-14 0.903711 0.981785 -0.0777239998818595 -6.4 1.1 5.7
2005-11-15 0.949192 0.984792 -0.0777239998818595 -1.5 0.6 2
2005-11-16 0.929461 0.978583 -0.0777239998818595 -2.9 5.1 2.9
2005-11-17 0.919446 0.960328 -0.0777239998818595 -2.5 5.5 2.1
2005-11-18 0.930968 0.974836 -0.0777239998818595 -0.599998 6.7 0.3
2005-11-21 0.919513 0.979889 -0.0777239998818595 -0.4 6.6 2.3
2005-11-22 0.922426 0.980373 -0.0777239998818595 -4.3 3.2 6.5
2005-11-23 0.624625 0.619988 -0.0777239998818595 -0.700001 1.7 7
2005-11-24 0.938414 0.981001 -0.0777239998818595 -2.7 2.4 4.7
2005-11-25 0.698609 0.830456 -0.0777239998818595 -2.1 1.9 4
2005-11-26 0.929159 0.938042 -0.0777239998818595 -0.700001 1.8 1.6
2005-11-28 0.970027 0.980774 -0.0777239998818595 -0.199999 5.1 2.1
2005-11-29 0.968241 0.982028 -0.0777239998818595 -1.7 3.1 6.3
2005-11-30 0.971529 0.970599 -0.0777239998818595 -2.7 2.8 5
2003-11-24 1 1 -0.0984503998503554 2.9 -8.4 -1.5
2003-11-25 0.982 1 -0.0984503998503554 1.2 -7.2 -4.2
2003-11-26 0.991829 0.978815 -0.0984503998503554 1.8 -2.8 0.4
2003-11-27 0.928763 0.962595 -0.0984503998503554 -6.6 -4.6 8.6
2003-11-28 0.852725 0.824528 -0.0984503998503554 1.1 -10 4.3
2003-11-29 0.92126 0.940829 -0.0984503998503554 1.1 -3.8 1.9
2003-11-30 0.910763 0.872297 -0.0984503998503554 0.799999 -4.6 2.9
2004-11-01 0.963023 0.935524 -0.0984503998503554 -0.299999 -7.7 0.2
2004-11-02 0.946805 0.941906 -0.0984503998503554 -0.799999 -3.1 2.6
2004-11-03 0.961022 0.945375 -0.0984503998503554 -4 -6 -1.3
2004-11-04 0.957426 0.922212 -0.0984503998503554 -5.6 -0.2 1.7
2004-11-05 0.957045 0.914797 -0.0984503998503554 1.9 -0.8 -1.5
2004-11-06 0.953731 0.943733 -0.0984503998503554 0.6 -2.1 -1.9
2004-11-07 0.583108 0.586919 -0.0984503998503554 0 -4.5 -2.6
2004-11-08 0.742136 0.745835 -0.0984503998503554 -3.5 -4.9 -3.2
2004-11-09 0.862183 0.672425 -0.0984503998503554 -2.7 -3.8 -2.7
2004-11-10 0.950456 0.936825 -0.0984503998503554 -0.699999 -4.6 -2.9
2004-11-11 0.739741 0.826122 -0.0984503998503554 -0.300001 -2.1 -1.5
2004-11-12 0.951055 0.927874 -0.0984503998503554 -2 0.2 -0.400001
2004-11-13 0.809249 0.79052 -0.0984503998503554 -2 0.2 -4.2
2004-11-14 0.988478 0.96679 -0.0984503998503554 -0.4 -2.2 0.2
2004-11-15 0.987084 0.960683 -0.0984503998503554 -3 -6.3 1.8
2004-11-16 0.972445 0.971297 -0.0984503998503554 0.300001 -8 0.5
2005-11-02 0.883106 0.868274 -0.0984503998503554 0.0999985 -4.9 -0.5
2005-11-06 0.74455 0.72255 -0.0984503998503554 -0.6 -3.1 -0.299999
2005-11-08 0.586793 0.608693 -0.0984503998503554 -0.4 -3.1 -1.8
2005-11-09 0.417839 0.346469 -0.0984503998503554 1.5 0.400001 -1.6
2005-11-16 0.989543 0.929461 -0.0984503998503554 3.6 -6.6 1.7
2005-11-23 0.69912 0.624625 -0.0984503998503554 1.3 -4.4 -0.4
2005-11-24 0.958851 0.938414 -0.0984503998503554 -1.5 -1.9 0.7
2005-11-25 0.793045 0.698609 -0.0984503998503554 1.9 2.3 -0.400001
2005-11-26 0.974899 0.929159 -0.0984503998503554 0.6 -1.9 0.4
2005-11-28 0.978274 0.970027 -0.0984503998503554 -1 -7.5 5
2005-11-29 0.966533 0.968241 -0.0984503998503554 0.900002 -5.1 0.7
2005-11-30 0.970353 0.971529 -0.0984503998503554 1.8 -0.599999 -2
2003-11-24 1 1 -0.116128799823484 0.4 0.2 3.1
2003-11-25 1 1 -0.116128799823484 1.6 -0.5 1.9
2003-11-26 0.966204 0.987829 -0.116128799823484 0.5 1.9 2.9
2003-11-27 0.985977 0.952452 -0.116128799823484 1.2 -0.6 2.1
2003-11-28 0.792135 0.903916 -0.116128799823484 0.700001 2.7 1.3
2003-11-29 0.904854 0.940186 -0.116128799823484 2 -0.4 5.4
2003-11-30 0.902792 0.912931 -0.116128799823484 1.3 -0.9 3.7
2004-11-01 0.955547 0.962947 -0.116128799823484 0.700001 -1.9 2.6
2004-11-02 0.9495 0.958586 -0.116128799823484 2.3 -1.6 2.5
2004-11-03 0.947572 0.954128 -0.116128799823484 1 0.5 0.2
2004-11-04 0.954042 0.941757 -0.116128799823484 1.6 1.1 0.7
2004-11-05 0.954891 0.948498 -0.116128799823484 2.2 0 0.6
2004-11-06 0.959681 0.884014 -0.116128799823484 1.9 0.7 0.6
2004-11-07 0.561951 0.566293 -0.116128799823484 0.5 0.8 0.7
2004-11-08 0.505485 0.61154 -0.116128799823484 1.2 3.1 0.9
2004-11-09 0.545806 0.554874 -0.116128799823484 1.3 -0.599999 -1.1
2004-11-10 0.954572 0.962328 -0.116128799823484 1.4 -0.3 0.1
2004-11-11 0.793575 0.841595 -0.116128799823484 1.2 -0.3 -0.3
2004-11-12 0.96765 0.956281 -0.116128799823484 -0.199999 1.4 1.1
2004-11-13 0.875845 0.85868 -0.116128799823484 0.799999 -0.2 0.2
2004-11-14 0.974117 0.983288 -0.116128799823484 0.599998 -2 4.1
2004-11-15 0.975206 0.982565 -0.116128799823484 0.900002 -2.4 2
2004-11-16 0.981381 0.952745 -0.116128799823484 1.1 -1.8 0.8
2004-11-17 0.982245 0.969062 -0.116128799823484 0.699999 0.2 1.2
2004-11-18 0.967854 0.988355 -0.116128799823484 0.6 -0.0999994 2
2004-11-19 0.970477 0.969077 -0.116128799823484 1.4 0.4 0.700001
2004-11-20 0.875694 0.959386 -0.116128799823484 9.3 8.3 4.6
2004-11-21 0.664271 0.626201 -0.116128799823484 1.4 0.0999999 4.3
2004-11-22 0.674418 0.766318 -0.116128799823484 -0.3 -0.0999999 0.7
2004-11-23 0.853003 0.883027 -0.116128799823484 1.1 2 -0.8
2004-11-24 0.980304 0.975473 -0.116128799823484 0.5 1.1 0.6
2004-11-25 0.976927 0.960454 -0.116128799823484 1.4 1 1.2
2004-11-26 0.943139 0.956878 -0.116128799823484 1.1 0.0999999 0
2004-11-27 0.388367 0.399635 -0.116128799823484 -0.5 0 0.900001
2004-11-28 1 1 -0.116128799823484 1.7 -0.6 8.4
2005-11-01 0.934404 0.958516 -0.116128799823484 2.3 -2.2 0.3
2005-11-02 0.816675 0.900104 -0.116128799823484 1.3 -0.900001 -1.2
2005-11-03 0.93723 0.928637 -0.116128799823484 0.5 0 -0.3
2005-11-04 0.503536 0.851299 -0.116128799823484 1.5 0.6 0.1
2005-11-05 0.967033 0.970609 -0.116128799823484 -0.1 0.2 0.1
2005-11-06 0.753225 0.745413 -0.116128799823484 2 -0.6 1.6
2005-11-07 0.799633 0.927789 -0.116128799823484 1.2 1.8 0.3
2005-11-08 0.74757 0.679812 -0.116128799823484 1.2 -2 -0.4
2005-11-09 0.592332 0.423996 -0.116128799823484 2.7 -0.5 -0.8
2005-11-10 0.648387 0.397846 -0.116128799823484 1.2 4.1 -0.599999
2005-11-11 0.47723 0.876863 -0.116128799823484 -2.7 1.2 0.7
2005-11-12 0.965001 0.966395 -0.116128799823484 1.8 -1.1 -0.2
2005-11-15 0.983057 0.979225 -0.116128799823484 1.4 -2 0.8
2005-11-16 0.962426 0.982099 -0.116128799823484 1.5 -2.2 0.9
2005-11-17 0.974112 0.974669 -0.116128799823484 1 -1.6 3.2
2005-11-18 0.970832 0.967698 -0.116128799823484 1.7 -3.8 7.8
2005-11-21 0.971801 0.965045 -0.116128799823484 0.9 2.6 3.7
2005-11-22 0.949697 0.971089 -0.116128799823484 1.9 -2.3 3.5
2005-11-23 0.596661 0.661627 -0.116128799823484 -1.6 0.400001 2.1
2005-11-24 0.948719 0.954141 -0.116128799823484 0.6 -1.2 3.3
2005-11-25 0.831552 0.827257 -0.116128799823484 0.299999 -1 1.5
2005-11-26 0.897833 0.957535 -0.116128799823484 0 -1.4 4.7
2005-11-28 0.970931 0.970016 -0.116128799823484 1.2 -0.6 3.2
2005-11-30 0.966817 0.975854 -0.116128799823484 0.200001 0.8 -1.3
2003-11-24 1 1 -0.118871999819315 0.900002 5.8 0.5
2003-11-25 1 1 -0.118871999819315 -0.800001 5.1 0.7
2003-11-26 0.978815 0.966204 -0.118871999819315 -0.800001 2.2 -0.7
2003-11-27 0.962595 0.985977 -0.118871999819315 1.5 4.2 -1.1
2003-11-28 0.824528 0.792135 -0.118871999819315 0.5 3.8 -1
2003-11-29 0.940829 0.904854 -0.118871999819315 -1.5 4 -0.9
2003-11-30 0.872297 0.902792 -0.118871999819315 -1.7 3.7 0.7
2004-11-01 0.935524 0.955547 -0.118871999819315 0.4 9.1 -1.9
2004-11-02 0.941906 0.9495 -0.118871999819315 -0.700001 3.4 0.5
2004-11-03 0.945375 0.947572 -0.118871999819315 -0.1 3.1 1.6
2004-11-04 0.922212 0.954042 -0.118871999819315 -0.299999 1.6 1.8
2004-11-05 0.914797 0.954891 -0.118871999819315 -1.7 3.7 0.8
2004-11-06 0.943733 0.959681 -0.118871999819315 -1.1 2.2 1.6
2004-11-07 0.586919 0.561951 -0.118871999819315 1.8 2.9 2
2004-11-08 0.745835 0.505485 -0.118871999819315 2.4 -0.1 1.2
2004-11-09 0.672425 0.545806 -0.118871999819315 2.1 3.1 2.5
2004-11-10 0.936825 0.954572 -0.118871999819315 -1.1 3.5 2.2
2004-11-11 0.826122 0.793575 -0.118871999819315 0 3 2.1
2004-11-12 0.927874 0.96765 -0.118871999819315 0.299999 1.7 1.1
2004-11-13 0.79052 0.875845 -0.118871999819315 0.1 3.1 3.1
2004-11-14 0.96679 0.974117 -0.118871999819315 1.1 5.1 0.4
2004-11-15 0.960683 0.975206 -0.118871999819315 -0.1 6.4 0.9
2004-11-16 0.971297 0.981381 -0.118871999819315 -0.200001 4.5 1.1
2004-11-17 0.986374 0.982245 -0.118871999819315 -1.1 2 1.2
2004-11-18 0.954734 0.967854 -0.118871999819315 -1.1 3.5 0.8
2004-11-19 0.95416 0.970477 -0.118871999819315 -1.5 2.2 1.6
2004-11-20 0.930122 0.875694 -0.118871999819315 -3.6 -8.3 -2.6
2004-11-21 0.863816 0.664271 -0.118871999819315 2.2 0.6 0.7
2004-11-22 0.838478 0.674418 -0.118871999819315 2.6 3.1 0.8
2004-11-23 0.885933 0.853003 -0.118871999819315 0.300001 1.8 2.4
2004-11-24 0.96347 0.980304 -0.118871999819315 -1.6 2.3 2.5
2004-11-25 0.98638 0.976927 -0.118871999819315 -1.1 1.1 1.7
2004-11-26 0.938578 0.943139 -0.118871999819315 -0.299999 2.6 2.6
2004-11-27 0.385402 0.388367 -0.118871999819315 2.6 3.5 0.8
2004-11-28 1 1 -0.118871999819315 0.4 5.2 -4.4
2005-11-01 0.950039 0.934404 -0.118871999819315 -1.1 5.3 0.6
2005-11-02 0.868274 0.816675 -0.118871999819315 -2.7 3.7 4.7
2005-11-03 0.865399 0.93723 -0.118871999819315 -1 2.5 1.7
2005-11-04 0.856907 0.503536 -0.118871999819315 -0.800001 1.6 1.9
2005-11-05 0.969813 0.967033 -0.118871999819315 -2.5 1.9 2.1
2005-11-06 0.72255 0.753225 -0.118871999819315 -1.4 3.2 1.3
2005-11-07 0.823887 0.799633 -0.118871999819315 -1.5 0.900001 2
2005-11-08 0.608693 0.74757 -0.118871999819315 0.200001 4.5 2.1
2005-11-09 0.346469 0.592332 -0.118871999819315 -1.5 0.9 2.4
2005-11-10 0.722916 0.648387 -0.118871999819315 0 -1.2 1.7
2005-11-11 0.950785 0.47723 -0.118871999819315 2.1 0.599999 1.5
2005-11-12 0.965172 0.965001 -0.118871999819315 -3.2 3.6 3.2
2005-11-15 0.949192 0.983057 -0.118871999819315 -1.1 1.5 2.4
2005-11-16 0.929461 0.962426 -0.118871999819315 -2 7.5 2.3
2005-11-17 0.919446 0.974112 -0.118871999819315 -1.7 8.2 -0.5
2005-11-18 0.930968 0.970832 -0.118871999819315 -0.4 9.8 -3.2
2005-11-21 0.919513 0.971801 -0.118871999819315 0.400002 5.1 -0.8
2005-11-22 0.922426 0.949697 -0.118871999819315 -3.9 6.1 2.9
2005-11-23 0.624625 0.596661 -0.118871999819315 -0.6 3.6 6.2
2005-11-24 0.938414 0.948719 -0.118871999819315 -2.2 3.9 3.5
2005-11-25 0.698609 0.831552 -0.118871999819315 -2.2 2.4 2.7
2005-11-26 0.929159 0.897833 -0.118871999819315 0.700001 6 -0.8
2005-11-28 0.970027 0.970931 -0.118871999819315 0.1 6.3 0.3
2005-11-30 0.971529 0.966817 -0.118871999819315 -2.1 2.7 4.8
2003-11-24 1 1 -0.155143199764182 0.4 -0.2 1.2
2003-11-25 1 1 -0.155143199764182 0.2 -0.6 2.2
2003-11-26 0.987829 0.92967 -0.155143199764182 1.4 -3.5 -1.2
2003-11-27 0.952452 0.977962 -0.155143199764182 0 -0.9 1.9
2003-11-28 0.903916 0.868735 -0.155143199764182 1.3 3.5 0.4
2003-11-29 0.940186 0.920494 -0.155143199764182 0.699999 -1.9 1.6
2003-11-30 0.912931 0.863205 -0.155143199764182 0.199999 3.5 3.4
2004-11-01 0.962947 0.943926 -0.155143199764182 0.699999 0.7 0.9
2004-11-02 0.958586 0.946601 -0.155143199764182 0.199999 -0.9 1.9
2004-11-03 0.954128 0.939342 -0.155143199764182 -0.700001 -0.6 3.4
2004-11-04 0.941757 0.893287 -0.155143199764182 0.199999 -2.3 0.2
2004-11-05 0.948498 0.937354 -0.155143199764182 -1.7 0.7 0.6
2004-11-06 0.884014 0.941721 -0.155143199764182 -0.299999 -0.7 0.4
2004-11-07 0.566293 0.481519 -0.155143199764182 2 0.4 0.5
2004-11-08 0.61154 0.573399 -0.155143199764182 0.3 -1.2 0.2
2004-11-09 0.554874 0.53035 -0.155143199764182 -0.599999 -0.200001 1
2004-11-10 0.962328 0.961415 -0.155143199764182 0.1 0.7 0.8
2004-11-11 0.841595 0.748782 -0.155143199764182 0.700001 -0.2 1
2004-11-12 0.956281 0.948796 -0.155143199764182 1.7 -0.6 0.2
2004-11-13 0.85868 0.811035 -0.155143199764182 0.700001 0.3 1.4
2004-11-14 0.983288 0.971597 -0.155143199764182 0.800001 -1 0.2
2004-11-15 0.982565 0.979359 -0.155143199764182 1.1 -1.2 1.9
2004-11-16 0.952745 0.976803 -0.155143199764182 0.299999 -1.6 2.6
2004-11-17 0.969062 0.9852 -0.155143199764182 0.400002 1.3 1.7
2004-11-18 0.988355 0.981821 -0.155143199764182 0.4 -1.1 1.7
2004-11-19 0.969077 0.98457 -0.155143199764182 -1.2 0.400001 2.5
2004-11-20 0.959386 0.889868 -0.155143199764182 -8 -7.9 -3.3
2004-11-21 0.626201 0.654707 -0.155143199764182 0.200001 1.6 -3.5
2004-11-22 0.766318 0.732809 -0.155143199764182 2.8 1.6 0.8
2004-11-23 0.883027 0.852474 -0.155143199764182 1.6 -0.1 1.7
2004-11-24 0.975473 0.989442 -0.155143199764182 0.6 0.4 2.1
2004-11-25 0.960454 0.97832 -0.155143199764182 0.6 -0.4 1.8
2004-11-26 0.956878 0.962262 -0.155143199764182 0.299999 1.2 1.1
2004-11-27 0.399635 0.39452 -0.155143199764182 2.2 -0.6 0
2004-11-28 1 1 -0.155143199764182 0.3 -1.6 -7.6
2005-11-01 0.958516 0.926925 -0.155143199764182 -0.4 5.3 2.6
2005-11-02 0.900104 0.822659 -0.155143199764182 -0.4 -1.5 5.7
2005-11-03 0.928637 0.972761 -0.155143199764182 0.199999 1.2 1.9
2005-11-04 0.851299 0.539443 -0.155143199764182 0.800001 -1.5 1
2005-11-05 0.970609 0.976571 -0.155143199764182 0.5 0.3 2.3
2005-11-06 0.745413 0.770652 -0.155143199764182 -1.4 0.7 1.7
2005-11-07 0.927789 0.874938 -0.155143199764182 -1.4 -0.9 2.8
2005-11-08 0.679812 0.721602 -0.155143199764182 -0.199999 3 1.2
2005-11-09 0.423996 0.694825 -0.155143199764182 -2 1.9 2.2
2005-11-10 0.397846 0.522585 -0.155143199764182 -1 -2.4 1.6
2005-11-11 0.876863 0.505153 -0.155143199764182 3.4 -1 0.5
2005-11-12 0.966395 0.979963 -0.155143199764182 -0.5 1.1 2.5
2005-11-14 0.975835 0.981401 -0.155143199764182 -0.300001 -0.6 4
2005-11-15 0.979225 0.983778 -0.155143199764182 0.1 -1.7 3.7
2005-11-16 0.982099 0.964603 -0.155143199764182 0.699999 -0.3 2.7
2005-11-17 0.974669 0.957407 -0.155143199764182 0.700001 3.8 2.2
2005-11-18 0.967698 0.956891 -0.155143199764182 0.4 -0.1 -0.5
2005-11-21 0.965045 0.965106 -0.155143199764182 0.6 -0.3 3
2005-11-22 0.971089 0.964187 -0.155143199764182 0.4 5.2 2.7
2005-11-23 0.661627 0.60982 -0.155143199764182 0.799999 -3.8 4.7
2005-11-24 0.954141 0.960546 -0.155143199764182 -0.300001 2.7 2.3
2005-11-25 0.827257 0.871335 -0.155143199764182 -0.4 -0.9 1.7
2005-11-26 0.957535 0.918419 -0.155143199764182 1.4 0 -3.7
2005-11-28 0.970016 0.967892 -0.155143199764182 0.5 -0.5 3.3
2005-11-29 0.977124 0.97365 -0.155143199764182 0.200001 3.3 1.9
2005-11-30 0.975854 0.968533 -0.155143199764182 0.299999 0.6 4.8
2003-11-24 1 1 -0.157276799760939 1.8 1.5 0.6
2003-11-25 1 1 -0.157276799760939 1.9 2 -0.4
2003-11-26 0.959025 0.987829 -0.157276799760939 0.699999 3.7 1.5
2003-11-27 0.991038 0.952452 -0.157276799760939 1.9 0.8 1
2003-11-28 0.865142 0.903916 -0.157276799760939 0.800001 0.8 0.6
2003-11-29 0.937721 0.940186 -0.157276799760939 1.3 1.2 2.7
2003-11-30 0.889937 0.912931 -0.157276799760939 1.7 -1.5 0.8
2004-11-01 0.949531 0.962947 -0.157276799760939 1.5 0.3 1.7
2004-11-02 0.94505 0.958586 -0.157276799760939 1.7 0.7 0.4
2004-11-03 0.955207 0.954128 -0.157276799760939 1.7 -0.2 -0.7
2004-11-04 0.949385 0.941757 -0.157276799760939 1.8 2.8 0.3
2004-11-05 0.945851 0.948498 -0.157276799760939 2.2 0.9 0
2004-11-06 0.957679 0.884014 -0.157276799760939 1.9 1.2 0
2004-11-07 0.600085 0.566293 -0.157276799760939 -0.200001 0.7 -0.200001
2004-11-08 0.512922 0.61154 -0.157276799760939 1.2 2.6 0
2004-11-09 0.552778 0.554874 -0.157276799760939 2 1.2 -0.6
2004-11-10 0.962971 0.962328 -0.157276799760939 1.9 0.900001 -0.7
2004-11-11 0.845715 0.841595 -0.157276799760939 1.5 1.8 -0.7
2004-11-12 0.980272 0.956281 -0.157276799760939 0.1 2 0.3
2004-11-13 0.88207 0.85868 -0.157276799760939 1.3 0.8 -0.4
2004-11-14 0.967304 0.983288 -0.157276799760939 0.9 0 1.9
2004-11-15 0.974388 0.982565 -0.157276799760939 1.4 0.2 0.7
2004-11-16 0.979959 0.952745 -0.157276799760939 1.6 -0.900001 0.2
2004-11-17 0.988063 0.969062 -0.157276799760939 1.4 0.3 0
2004-11-18 0.95137 0.988355 -0.157276799760939 1.5 0.6 0.5
2004-11-19 0.954832 0.969077 -0.157276799760939 1.6 0.4 -0.9
2004-11-20 0.863579 0.959386 -0.157276799760939 9.9 9.6 3.5
2004-11-21 0.730696 0.626201 -0.157276799760939 2.3 -0.8 4.1
2004-11-22 0.715428 0.766318 -0.157276799760939 0.4 0.1 0
2004-11-23 0.877497 0.883027 -0.157276799760939 0.900001 1 -0.6
2004-11-24 0.961665 0.975473 -0.157276799760939 1.6 1.1 -0.3
2004-11-25 0.969669 0.960454 -0.157276799760939 1.3 -0.3 0.5
2004-11-26 0.915251 0.956878 -0.157276799760939 1.5 0.8 -0.5
2004-11-27 0.362588 0.399635 -0.157276799760939 0 1.2 0.3
2004-11-28 0.970998 1 -0.157276799760939 2.4 0.4 4.7
2005-11-01 0.915511 0.958516 -0.157276799760939 2 0 0.3
2005-11-02 0.847147 0.900104 -0.157276799760939 1.7 0.8 -1
2005-11-03 0.940604 0.928637 -0.157276799760939 1.4 1.3 -0.7
2005-11-04 0.610131 0.851299 -0.157276799760939 1.1 2.3 -0.1
2005-11-05 0.958941 0.970609 -0.157276799760939 0.4 1.2 -0.4
2005-11-06 0.782888 0.745413 -0.157276799760939 1.3 0.4 0.1
2005-11-07 0.88417 0.927789 -0.157276799760939 1.4 2.1 -0.7
2005-11-08 0.739384 0.679812 -0.157276799760939 1.4 -0.1 -1.3
2005-11-09 0.439183 0.423996 -0.157276799760939 2.8 1.2 -1.2
2005-11-10 0.604833 0.397846 -0.157276799760939 2.3 3 -1.2
2005-11-11 0.682196 0.876863 -0.157276799760939 -1.5 2.5 -0.2
2005-11-12 0.968234 0.966395 -0.157276799760939 1.3 0.7 -0.5
2005-11-14 0.981785 0.975835 -0.157276799760939 1.6 -0.0999994 0.5
2005-11-15 0.984792 0.979225 -0.157276799760939 1.8 -1.1 1.2
2005-11-16 0.978583 0.982099 -0.157276799760939 2.4 0.2 0.3
2005-11-17 0.960328 0.974669 -0.157276799760939 1.8 1.1 0.6
2005-11-18 0.974836 0.967698 -0.157276799760939 1.9 -0.7 4.3
2005-11-21 0.979889 0.965045 -0.157276799760939 1.7 1.1 0.6
2005-11-22 0.980373 0.971089 -0.157276799760939 2.3 0.6 -0.1
2005-11-23 0.619988 0.661627 -0.157276799760939 -1.5 2.3 1.3
2005-11-24 0.981001 0.954141 -0.157276799760939 1.1 0.299999 2.1
2005-11-25 0.830456 0.827257 -0.157276799760939 0.200001 -0.5 0.2
2005-11-26 0.938042 0.957535 -0.157276799760939 1.4 2.8 2.3
2005-11-28 0.980774 0.970016 -0.157276799760939 1.5 0.6 1.4
2005-11-29 0.982028 0.977124 -0.157276799760939 1.3 -0.2 0
2005-11-30 0.970599 0.975854 -0.157276799760939 0.799999 0.7 -1.5
2003-11-24 1 1 -0.176174399732215 2.4 -3.9 1.5
2003-11-25 0.982 1 -0.176174399732215 0.1 -4.6 -1.2
2003-11-26 0.991829 0.959025 -0.176174399732215 0.800001 -2.4 1.1
2003-11-27 0.928763 0.991038 -0.176174399732215 -5.8 -1.8 8.6
2003-11-28 0.852725 0.865142 -0.176174399732215 1.5 -4.3 4
2003-11-29 0.92126 0.937721 -0.176174399732215 0.299999 -1.4 3.7
2003-11-30 0.910763 0.889937 -0.176174399732215 -1.3 -0.3 6.5
2004-11-01 0.963023 0.949531 -0.176174399732215 -0.699999 -0.8 -0.8
2004-11-02 0.946805 0.94505 -0.176174399732215 -0.9 -2 5.2
2004-11-03 0.961022 0.955207 -0.176174399732215 -4.8 -2.2 1.2
2004-11-04 0.957426 0.949385 -0.176174399732215 -6.1 -0.3 3.9
2004-11-05 0.957045 0.945851 -0.176174399732215 0.199999 2 -0.0999999
2004-11-06 0.953731 0.957679 -0.176174399732215 -0.5 -0.4 0.3
2004-11-07 0.583108 0.600085 -0.176174399732215 2.5 -1.5 0.3
2004-11-08 0.742136 0.512922 -0.176174399732215 -1.1 -4.5 -1.1
2004-11-09 0.862183 0.552778 -0.176174399732215 -1.3 -2.5 -0.7
2004-11-10 0.950456 0.962971 -0.176174399732215 -2.3 -2.3 0.0999994
2004-11-11 0.739741 0.845715 -0.176174399732215 -0.6 -1.2 1
2004-11-12 0.951055 0.980272 -0.176174399732215 -2 1.3 1.5
2004-11-13 0.809249 0.88207 -0.176174399732215 -2.4 2.3 -0.5
2004-11-14 0.988478 0.967304 -0.176174399732215 0.4 0.9 2.8
2004-11-15 0.987084 0.974388 -0.176174399732215 -3.6 -2.5 4
2004-11-16 0.972445 0.979959 -0.176174399732215 -0.4 -4.4 2.2
2005-11-02 0.883106 0.847147 -0.176174399732215 -3 -2.9 4
2005-11-06 0.74455 0.782888 -0.176174399732215 -1.3 -0.9 2.5
2005-11-08 0.586793 0.739384 -0.176174399732215 -0.4 -0.5 1.2
2005-11-09 0.417839 0.439183 -0.176174399732215 -0.1 -0.4 1.2
2005-11-16 0.989543 0.978583 -0.176174399732215 0.699999 -1.5 4.6
2005-11-23 0.69912 0.619988 -0.176174399732215 0.6 -2.7 6.6
2005-11-24 0.958851 0.981001 -0.176174399732215 -4.2 0.5 5.4
2005-11-25 0.793045 0.830456 -0.176174399732215 -0.200001 4.2 3.6
2005-11-26 0.974899 0.938042 -0.176174399732215 -0.1 -0.0999994 2
2005-11-28 0.978274 0.980774 -0.176174399732215 -1.2 -2.4 7.1
2005-11-29 0.966533 0.982028 -0.176174399732215 -0.799999 -2 7
2005-11-30 0.970353 0.970599 -0.176174399732215 -0.9 2.2 3
2003-11-24 1 1 -0.21732239966967 3.8 -2.6 -1
2003-11-25 0.982 1 -0.21732239966967 0.4 -2.1 -3.5
2003-11-26 0.991829 0.966204 -0.21732239966967 1 -0.6 -0.3
2003-11-27 0.928763 0.985977 -0.21732239966967 -5.1 -0.4 7.5
2003-11-28 0.852725 0.792135 -0.21732239966967 1.6 -6.2 3.3
2003-11-29 0.92126 0.904854 -0.21732239966967 -0.4 0.2 1
2003-11-30 0.910763 0.902792 -0.21732239966967 -0.900002 -0.9 3.6
2004-11-01 0.963023 0.955547 -0.21732239966967 0.1 1.4 -1.7
2004-11-02 0.946805 0.9495 -0.21732239966967 -1.5 0.3 3.1
2004-11-03 0.961022 0.947572 -0.21732239966967 -4.1 -2.9 0.3
2004-11-04 0.957426 0.954042 -0.21732239966967 -5.9 1.4 3.5
2004-11-05 0.957045 0.954891 -0.21732239966967 0.199999 2.9 -0.7
2004-11-06 0.953731 0.959681 -0.21732239966967 -0.5 0.0999999 -0.3
2004-11-07 0.583108 0.561951 -0.21732239966967 1.8 -1.6 -0.6
2004-11-08 0.742136 0.505485 -0.21732239966967 -1.1 -5 -2
2004-11-09 0.862183 0.545806 -0.21732239966967 -0.599999 -0.7 -0.2
2004-11-10 0.950456 0.954572 -0.21732239966967 -1.8 -1.1 -0.700001
2004-11-11 0.739741 0.793575 -0.21732239966967 -0.300001 0.9 0.6
2004-11-12 0.951055 0.96765 -0.21732239966967 -1.7 1.9 0.7
2004-11-13 0.809249 0.875845 -0.21732239966967 -1.9 3.3 -1.1
2004-11-14 0.988478 0.974117 -0.21732239966967 0.700001 2.9 0.6
2004-11-15 0.987084 0.975206 -0.21732239966967 -3.1 0.0999999 2.7
2004-11-16 0.972445 0.981381 -0.21732239966967 0.1 -3.5 1.6
2005-11-02 0.883106 0.816675 -0.21732239966967 -2.6 -1.2 4.2
2005-11-06 0.74455 0.753225 -0.21732239966967 -2 0.1 1
2005-11-08 0.586793 0.74757 -0.21732239966967 -0.199999 1.4 0.3
2005-11-09 0.417839 0.592332 -0.21732239966967 0 1.3 0.8
2005-11-16 0.989543 0.962426 -0.21732239966967 1.6 0.9 4
2005-11-23 0.69912 0.596661 -0.21732239966967 0.700001 -0.8 5.8
2005-11-24 0.958851 0.948719 -0.21732239966967 -3.7 2 4.2
2005-11-25 0.793045 0.831552 -0.21732239966967 -0.299999 4.7 2.3
2005-11-26 0.974899 0.897833 -0.21732239966967 1.3 4.1 -0.4
2005-11-28 0.978274 0.970931 -0.21732239966967 -0.9 -1.2 5.3
2005-11-30 0.970353 0.966817 -0.21732239966967 -0.300001 2.1 2.8
2003-11-24 1 1 -0.235000799642799 1.3 6 3.6
2003-11-25 1 1 -0.235000799642799 0.799999 4.6 2.6
2003-11-26 0.978815 0.987829 -0.235000799642799 -0.300001 4.1 2.2
2003-11-27 0.962595 0.952452 -0.235000799642799 2.7 3.6 1
2003-11-28 0.824528 0.903916 -0.235000799642799 1.2 6.5 0.3
2003-11-29 0.940829 0.940186 -0.235000799642799 0.5 3.6 4.5
2003-11-30 0.872297 0.912931 -0.235000799642799 -0.4 2.8 4.4
2004-11-01 0.935524 0.962947 -0.235000799642799 1.1 7.2 0.7
2004-11-02 0.941906 0.958586 -0.235000799642799 1.6 1.8 3
2004-11-03 0.945375 0.954128 -0.235000799642799 0.9 3.6 1.8
2004-11-04 0.922212 0.941757 -0.235000799642799 1.3 2.7 2.5
2004-11-05 0.914797 0.948498 -0.235000799642799 0.5 3.7 1.4
2004-11-06 0.943733 0.884014 -0.235000799642799 0.799999 2.9 2.2
2004-11-07 0.586919 0.566293 -0.235000799642799 2.3 3.7 2.7
2004-11-08 0.745835 0.61154 -0.235000799642799 3.6 3 2.1
2004-11-09 0.672425 0.554874 -0.235000799642799 3.4 2.5 1.4
2004-11-10 0.936825 0.962328 -0.235000799642799 0.299999 3.2 2.3
2004-11-11 0.826122 0.841595 -0.235000799642799 1.2 2.7 1.8
2004-11-12 0.927874 0.956281 -0.235000799642799 0.1 3.1 2.2
2004-11-13 0.79052 0.85868 -0.235000799642799 0.9 2.9 3.3
2004-11-14 0.96679 0.983288 -0.235000799642799 1.7 3.1 4.5
2004-11-15 0.960683 0.982565 -0.235000799642799 0.800001 4 2.9
2004-11-16 0.971297 0.952745 -0.235000799642799 0.9 2.7 1.9
2004-11-17 0.986374 0.969062 -0.235000799642799 -0.400002 2.2 2.4
2004-11-18 0.954734 0.988355 -0.235000799642799 -0.5 3.4 2.8
2004-11-19 0.95416 0.969077 -0.235000799642799 -0.1 2.6 2.3
2004-11-20 0.930122 0.959386 -0.235000799642799 5.7 0 2
2004-11-21 0.863816 0.626201 -0.235000799642799 3.6 0.7 5
2004-11-22 0.838478 0.766318 -0.235000799642799 2.3 3 1.5
2004-11-23 0.885933 0.883027 -0.235000799642799 1.4 3.8 1.6
2004-11-24 0.96347 0.975473 -0.235000799642799 -1.1 3.4 3.1
2004-11-25 0.98638 0.960454 -0.235000799642799 0.299999 2.1 2.9
2004-11-26 0.938578 0.956878 -0.235000799642799 0.800001 2.7 2.6
2004-11-27 0.385402 0.399635 -0.235000799642799 2.1 3.5 1.7
2004-11-28 1 1 -0.235000799642799 2.1 4.6 4
2005-11-01 0.950039 0.958516 -0.235000799642799 1.2 3.1 0.9
2005-11-02 0.868274 0.900104 -0.235000799642799 -1.4 2.8 3.5
2005-11-03 0.865399 0.928637 -0.235000799642799 -0.5 2.5 1.4
2005-11-04 0.856907 0.851299 -0.235000799642799 0.699999 2.2 2
2005-11-05 0.969813 0.970609 -0.235000799642799 -2.6 2.1 2.2
2005-11-06 0.72255 0.745413 -0.235000799642799 0.6 2.6 2.9
2005-11-07 0.823887 0.927789 -0.235000799642799 -0.299999 2.7 2.3
2005-11-08 0.608693 0.679812 -0.235000799642799 1.4 2.5 1.7
2005-11-09 0.346469 0.423996 -0.235000799642799 1.2 0.4 1.6
2005-11-10 0.722916 0.397846 -0.235000799642799 1.2 2.9 1.1
2005-11-11 0.950785 0.876863 -0.235000799642799 -0.599998 1.8 2.2
2005-11-12 0.965172 0.966395 -0.235000799642799 -1.4 2.5 3
2005-11-14 0.903711 0.975835 -0.235000799642799 -4.8 1 6.2
2005-11-15 0.949192 0.979225 -0.235000799642799 0.299999 -0.5 3.2
2005-11-16 0.929461 0.982099 -0.235000799642799 -0.5 5.3 3.2
2005-11-17 0.919446 0.974669 -0.235000799642799 -0.700001 6.6 2.7
2005-11-18 0.930968 0.967698 -0.235000799642799 1.3 6 4.6
2005-11-21 0.919513 0.965045 -0.235000799642799 1.3 7.7 2.9
2005-11-22 0.922426 0.971089 -0.235000799642799 -2 3.8 6.4
2005-11-23 0.624625 0.661627 -0.235000799642799 -2.2 4 8.3
2005-11-24 0.938414 0.954141 -0.235000799642799 -1.6 2.7 6.8
2005-11-25 0.698609 0.827257 -0.235000799642799 -1.9 1.4 4.2
2005-11-26 0.929159 0.957535 -0.235000799642799 0.700001 4.6 3.9
2005-11-28 0.970027 0.970016 -0.235000799642799 1.3 5.7 3.5
2005-11-29 0.968241 0.977124 -0.235000799642799 -0.400002 2.9 6.3
2005-11-30 0.971529 0.975854 -0.235000799642799 -1.9 3.5 3.5
2003-11-24 1 1 -0.271271999587667 0.799999 0 4.3
2003-11-25 1 1 -0.271271999587667 1.8 -1.1 4.1
2003-11-26 0.966204 0.92967 -0.271271999587667 1.9 -1.6 1.7
2003-11-27 0.985977 0.977962 -0.271271999587667 1.2 -1.5 4
2003-11-28 0.792135 0.868735 -0.271271999587667 2 6.2 1.7
2003-11-29 0.904854 0.920494 -0.271271999587667 2.7 -2.3 7
2003-11-30 0.902792 0.863205 -0.271271999587667 1.5 2.6 7.1
2004-11-01 0.955547 0.943926 -0.271271999587667 1.4 -1.2 3.5
2004-11-02 0.9495 0.946601 -0.271271999587667 2.5 -2.5 4.4
2004-11-03 0.947572 0.939342 -0.271271999587667 0.299999 -0.1 3.6
2004-11-04 0.954042 0.893287 -0.271271999587667 1.8 -1.2 0.9
2004-11-05 0.954891 0.937354 -0.271271999587667 0.5 0.7 1.2
2004-11-06 0.959681 0.941721 -0.271271999587667 1.6 0 1
2004-11-07 0.561951 0.481519 -0.271271999587667 2.5 1.2 1.2
2004-11-08 0.505485 0.573399 -0.271271999587667 1.5 1.9 1.1
2004-11-09 0.545806 0.53035 -0.271271999587667 0.7 -0.8 -0.1
2004-11-10 0.954572 0.961415 -0.271271999587667 1.5 0.4 0.900001
2004-11-11 0.793575 0.748782 -0.271271999587667 1.9 -0.5 0.7
2004-11-12 0.96765 0.948796 -0.271271999587667 1.5 0.8 1.3
2004-11-13 0.875845 0.811035 -0.271271999587667 1.5 0.1 1.6
2004-11-14 0.974117 0.971597 -0.271271999587667 1.4 -3 4.3
2004-11-15 0.975206 0.979359 -0.271271999587667 2 -3.6 3.9
2004-11-16 0.981381 0.976803 -0.271271999587667 1.4 -3.4 3.4
2004-11-17 0.982245 0.9852 -0.271271999587667 1.1 1.5 2.9
2004-11-18 0.967854 0.981821 -0.271271999587667 1 -1.2 3.7
2004-11-19 0.970477 0.98457 -0.271271999587667 0.200001 0.8 3.2
2004-11-20 0.875694 0.889868 -0.271271999587667 1.3 0.4 1.3
2004-11-21 0.664271 0.654707 -0.271271999587667 1.6 1.7 0.8
2004-11-22 0.674418 0.732809 -0.271271999587667 2.5 1.5 1.5
2004-11-23 0.853003 0.852474 -0.271271999587667 2.7 1.9 0.9
2004-11-24 0.980304 0.989442 -0.271271999587667 1.1 1.5 2.7
2004-11-25 0.976927 0.97832 -0.271271999587667 2 0.6 3
2004-11-26 0.943139 0.962262 -0.271271999587667 1.4 1.3 1.1
2004-11-27 0.388367 0.39452 -0.271271999587667 1.7 -0.6 0.900001
2004-11-28 1 1 -0.271271999587667 2 -2.2 0.8
2005-11-01 0.934404 0.926925 -0.271271999587667 1.9 3.1 2.9
2005-11-02 0.816675 0.822659 -0.271271999587667 0.9 -2.4 4.5
2005-11-03 0.93723 0.972761 -0.271271999587667 0.699999 1.2 1.6
2005-11-04 0.503536 0.539443 -0.271271999587667 2.3 -0.9 1.1
2005-11-05 0.967033 0.976571 -0.271271999587667 0.4 0.5 2.4
2005-11-06 0.753225 0.770652 -0.271271999587667 0.6 0.0999994 3.3
2005-11-07 0.799633 0.874938 -0.271271999587667 -0.199999 0.9 3.1
2005-11-08 0.74757 0.721602 -0.271271999587667 1 1 0.8
2005-11-09 0.592332 0.694825 -0.271271999587667 0.699999 1.4 1.4
2005-11-10 0.648387 0.522585 -0.271271999587667 0.200001 1.7 1
2005-11-11 0.47723 0.505153 -0.271271999587667 0.700001 0.200001 1.2
2005-11-12 0.965001 0.979963 -0.271271999587667 1.3 0 2.3
2005-11-15 0.983057 0.983778 -0.271271999587667 1.5 -3.7 4.5
2005-11-16 0.962426 0.964603 -0.271271999587667 2.2 -2.5 3.6
2005-11-17 0.974112 0.957407 -0.271271999587667 1.7 2.2 5.4
2005-11-18 0.970832 0.956891 -0.271271999587667 2.1 -3.9 7.3
2005-11-21 0.971801 0.965106 -0.271271999587667 1.5 2.3 6.7
2005-11-22 0.949697 0.964187 -0.271271999587667 2.3 2.9 6.2
2005-11-23 0.596661 0.60982 -0.271271999587667 -0.800001 -3.4 6.8
2005-11-24 0.948719 0.960546 -0.271271999587667 0.299999 1.5 5.6
2005-11-25 0.831552 0.871335 -0.271271999587667 -0.1 -1.9 3.2
2005-11-26 0.897833 0.918419 -0.271271999587667 1.4 -1.4 1
2005-11-28 0.970931 0.967892 -0.271271999587667 1.7 -1.1 6.5
2005-11-30 0.966817 0.968533 -0.271271999587667 0.5 1.4 3.5
2003-11-24 1 1 -0.312419999525122 2.2 1.3 1.8
2003-11-25 1 1 -0.312419999525122 2.1 1.4 1.8
2003-11-26 0.959025 0.92967 -0.312419999525122 2.1 0.2 0.3
2003-11-27 0.991038 0.977962 -0.312419999525122 1.9 -0.0999999 2.9
2003-11-28 0.865142 0.868735 -0.312419999525122 2.1 4.3 1
2003-11-29 0.937721 0.920494 -0.312419999525122 2 -0.7 4.3
2003-11-30 0.889937 0.863205 -0.312419999525122 1.9 2 4.2
2004-11-01 0.949531 0.943926 -0.312419999525122 2.2 1 2.6
2004-11-02 0.94505 0.946601 -0.312419999525122 1.9 -0.2 2.3
2004-11-03 0.955207 0.939342 -0.312419999525122 1 -0.8 2.7
2004-11-04 0.949385 0.893287 -0.312419999525122 2 0.5 0.5
2004-11-05 0.945851 0.937354 -0.312419999525122 0.5 1.6 0.6
2004-11-06 0.957679 0.941721 -0.312419999525122 1.6 0.5 0.4
2004-11-07 0.600085 0.481519 -0.312419999525122 1.8 1.1 0.299999
2004-11-08 0.512922 0.573399 -0.312419999525122 1.5 1.4 0.2
2004-11-09 0.552778 0.53035 -0.312419999525122 1.4 1 0.4
2004-11-10 0.962971 0.961415 -0.312419999525122 2 1.6 0.1
2004-11-11 0.845715 0.748782 -0.312419999525122 2.2 1.6 0.3
2004-11-12 0.980272 0.948796 -0.312419999525122 1.8 1.4 0.5
2004-11-13 0.88207 0.811035 -0.312419999525122 2 1.1 1
2004-11-14 0.967304 0.971597 -0.312419999525122 1.7 -1 2.1
2004-11-15 0.974388 0.979359 -0.312419999525122 2.5 -1 2.6
2004-11-16 0.979959 0.976803 -0.312419999525122 1.9 -2.5 2.8
2004-11-17 0.988063 0.9852 -0.312419999525122 1.8 1.6 1.7
2004-11-18 0.95137 0.981821 -0.312419999525122 1.9 -0.5 2.2
2004-11-19 0.954832 0.98457 -0.312419999525122 0.400002 0.8 1.6
2004-11-20 0.863579 0.889868 -0.312419999525122 1.9 1.7 0.2
2004-11-21 0.730696 0.654707 -0.312419999525122 2.5 0.8 0.6
2004-11-22 0.715428 0.732809 -0.312419999525122 3.2 1.7 0.8
2004-11-23 0.877497 0.852474 -0.312419999525122 2.5 0.9 1.1
2004-11-24 0.961665 0.989442 -0.312419999525122 2.2 1.5 1.8
2004-11-25 0.969669 0.97832 -0.312419999525122 1.9 -0.7 2.3
2004-11-26 0.915251 0.962262 -0.312419999525122 1.8 2 0.6
2004-11-27 0.362588 0.39452 -0.312419999525122 2.2 0.6 0.3
2004-11-28 0.970998 1 -0.312419999525122 2.7 -1.2 -2.9
2005-11-01 0.915511 0.926925 -0.312419999525122 1.6 5.3 2.9
2005-11-02 0.847147 0.822659 -0.312419999525122 1.3 -0.7 4.7
2005-11-03 0.940604 0.972761 -0.312419999525122 1.6 2.5 1.2
2005-11-04 0.610131 0.539443 -0.312419999525122 1.9 0.8 0.9
2005-11-05 0.958941 0.976571 -0.312419999525122 0.9 1.5 1.9
2005-11-06 0.782888 0.770652 -0.312419999525122 -0.0999985 1.1 1.8
2005-11-07 0.88417 0.874938 -0.312419999525122 0 1.2 2.1
2005-11-08 0.739384 0.721602 -0.312419999525122 1.2 2.9 -0.0999994
2005-11-09 0.439183 0.694825 -0.312419999525122 0.799999 3.1 1
2005-11-10 0.604833 0.522585 -0.312419999525122 1.3 0.599999 0.4
2005-11-11 0.682196 0.505153 -0.312419999525122 1.9 1.5 0.3
2005-11-12 0.968234 0.979963 -0.312419999525122 0.799999 1.8 2
2005-11-14 0.981785 0.981401 -0.312419999525122 1.3 -0.7 4.5
2005-11-15 0.984792 0.983778 -0.312419999525122 1.9 -2.8 4.9
2005-11-16 0.978583 0.964603 -0.312419999525122 3.1 -0.1 3
2005-11-17 0.960328 0.957407 -0.312419999525122 2.5 4.9 2.8
2005-11-18 0.974836 0.956891 -0.312419999525122 2.3 -0.8 3.8
2005-11-21 0.979889 0.965106 -0.312419999525122 2.3 0.799999 3.6
2005-11-22 0.980373 0.964187 -0.312419999525122 2.7 5.8 2.6
2005-11-23 0.619988 0.60982 -0.312419999525122 -0.700001 -1.5 6
2005-11-24 0.981001 0.960546 -0.312419999525122 0.799999 3 4.4
2005-11-25 0.830456 0.871335 -0.312419999525122 -0.199999 -1.4 1.9
2005-11-26 0.938042 0.918419 -0.312419999525122 2.8 2.8 -1.4
2005-11-28 0.980774 0.967892 -0.312419999525122 2 0.1 4.7
2005-11-29 0.982028 0.97365 -0.312419999525122 1.5 3.1 1.9
2005-11-30 0.970599 0.968533 -0.312419999525122 1.1 1.3 3.3
2003-11-24 1 1 -0.333451199493154 4.2 -2.4 2.1
2003-11-25 0.982 1 -0.333451199493154 2 -2.6 -1.6
2003-11-26 0.991829 0.987829 -0.333451199493154 1.5 1.3 2.6
2003-11-27 0.928763 0.952452 -0.333451199493154 -3.9 -1 9.6
2003-11-28 0.852725 0.903916 -0.333451199493154 2.3 -3.5 4.6
2003-11-29 0.92126 0.940186 -0.333451199493154 1.6 -0.2 6.4
2003-11-30 0.910763 0.912931 -0.333451199493154 0.4 -1.8 7.3
2004-11-01 0.963023 0.962947 -0.333451199493154 0.800001 -0.5 0.9
2004-11-02 0.946805 0.958586 -0.333451199493154 0.800001 -1.3 5.6
2004-11-03 0.961022 0.954128 -0.333451199493154 -3.1 -2.4 0.5
2004-11-04 0.957426 0.941757 -0.333451199493154 -4.3 2.5 4.2
2004-11-05 0.957045 0.948498 -0.333451199493154 2.4 2.9 -0.0999999
2004-11-06 0.953731 0.884014 -0.333451199493154 1.4 0.8 0.3
2004-11-07 0.583108 0.566293 -0.333451199493154 2.3 -0.8 0.0999994
2004-11-08 0.742136 0.61154 -0.333451199493154 0.1 -1.9 -1.1
2004-11-09 0.862183 0.554874 -0.333451199493154 0.7 -1.3 -1.3
2004-11-10 0.950456 0.962328 -0.333451199493154 -0.4 -1.4 -0.6
2004-11-11 0.739741 0.841595 -0.333451199493154 0.9 0.6 0.3
2004-11-12 0.951055 0.956281 -0.333451199493154 -1.9 3.3 1.8
2004-11-13 0.809249 0.85868 -0.333451199493154 -1.1 3.1 -0.9
2004-11-14 0.988478 0.983288 -0.333451199493154 1.3 0.9 4.7
2004-11-15 0.987084 0.982565 -0.333451199493154 -2.2 -2.3 4.7
2004-11-16 0.972445 0.952745 -0.333451199493154 1.2 -5.3 2.4
2005-11-02 0.883106 0.900104 -0.333451199493154 -1.3 -2.1 3
2005-11-06 0.74455 0.745413 -0.333451199493154 0 -0.5 2.6
2005-11-08 0.586793 0.679812 -0.333451199493154 1 -0.6 -0.0999994
2005-11-09 0.417839 0.423996 -0.333451199493154 2.7 0.8 0
2005-11-16 0.989543 0.982099 -0.333451199493154 3.1 -1.3 4.9
2005-11-23 0.69912 0.661627 -0.333451199493154 -0.9 -0.4 7.9
2005-11-24 0.958851 0.954141 -0.333451199493154 -3.1 0.799999 7.5
2005-11-25 0.793045 0.827257 -0.333451199493154 0 3.7 3.8
2005-11-26 0.974899 0.957535 -0.333451199493154 1.3 2.7 4.3
2005-11-28 0.978274 0.970016 -0.333451199493154 0.300001 -1.8 8.5
2005-11-29 0.966533 0.977124 -0.333451199493154 0.5 -2.2 7
2005-11-30 0.970353 0.975854 -0.333451199493154 -0.1 2.9 1.5
2003-11-24 1 1 -0.390143999406981 1.7 5.8 4.8
2003-11-25 1 1 -0.390143999406981 0.999999 4 4.8
2003-11-26 0.978815 0.92967 -0.390143999406981 1.1 0.6 1
2003-11-27 0.962595 0.977962 -0.390143999406981 2.7 2.7 2.9
2003-11-28 0.824528 0.868735 -0.390143999406981 2.5 10 0.7
2003-11-29 0.940829 0.920494 -0.390143999406981 1.2 1.7 6.1
2003-11-30 0.872297 0.863205 -0.390143999406981 -0.200001 6.3 7.8
2004-11-01 0.935524 0.943926 -0.390143999406981 1.8 7.9 1.6
2004-11-02 0.941906 0.946601 -0.390143999406981 1.8 0.9 4.9
2004-11-03 0.945375 0.939342 -0.390143999406981 0.199999 3 5.2
2004-11-04 0.922212 0.893287 -0.390143999406981 1.5 0.4 2.7
2004-11-05 0.914797 0.937354 -0.390143999406981 -1.2 4.4 2
2004-11-06 0.943733 0.941721 -0.390143999406981 0.5 2.2 2.6
2004-11-07 0.586919 0.481519 -0.390143999406981 4.3 4.1 3.2
2004-11-08 0.745835 0.573399 -0.390143999406981 3.9 1.8 2.3
2004-11-09 0.672425 0.53035 -0.390143999406981 2.8 2.3 2.4
2004-11-10 0.936825 0.961415 -0.390143999406981 0.4 3.9 3.1
2004-11-11 0.826122 0.748782 -0.390143999406981 1.9 2.5 2.8
2004-11-12 0.927874 0.948796 -0.390143999406981 1.8 2.5 2.4
2004-11-13 0.79052 0.811035 -0.390143999406981 1.6 3.2 4.7
2004-11-14 0.96679 0.971597 -0.390143999406981 2.5 2.1 4.7
2004-11-15 0.960683 0.979359 -0.390143999406981 1.9 2.8 4.8
2004-11-16 0.971297 0.976803 -0.390143999406981 1.2 1.1 4.5
2004-11-17 0.986374 0.9852 -0.390143999406981 0 3.5 4.1
2004-11-18 0.954734 0.981821 -0.390143999406981 -0.1 2.3 4.5
2004-11-19 0.95416 0.98457 -0.390143999406981 -1.3 3 4.8
2004-11-20 0.930122 0.889868 -0.390143999406981 -2.3 -7.9 -1.3
2004-11-21 0.863816 0.654707 -0.390143999406981 3.8 2.3 1.5
2004-11-22 0.838478 0.732809 -0.390143999406981 5.1 4.6 2.3
2004-11-23 0.885933 0.852474 -0.390143999406981 3 3.7 3.3
2004-11-24 0.96347 0.989442 -0.390143999406981 -0.5 3.8 5.2
2004-11-25 0.98638 0.97832 -0.390143999406981 0.9 1.7 4.7
2004-11-26 0.938578 0.962262 -0.390143999406981 1.1 3.9 3.7
2004-11-27 0.385402 0.39452 -0.390143999406981 4.3 2.9 1.7
2004-11-28 1 1 -0.390143999406981 2.4 3 -3.6
2005-11-01 0.950039 0.926925 -0.390143999406981 0.799999 8.4 3.5
2005-11-02 0.868274 0.822659 -0.390143999406981 -1.8 1.3 9.2
2005-11-03 0.865399 0.972761 -0.390143999406981 -0.300001 3.7 3.3
2005-11-04 0.856907 0.539443 -0.390143999406981 1.5 0.7 3
2005-11-05 0.969813 0.976571 -0.390143999406981 -2.1 2.4 4.5
2005-11-06 0.72255 0.770652 -0.390143999406981 -0.799999 3.3 4.6
2005-11-07 0.823887 0.874938 -0.390143999406981 -1.7 1.8 5.1
2005-11-08 0.608693 0.721602 -0.390143999406981 1.2 5.5 2.9
2005-11-09 0.346469 0.694825 -0.390143999406981 -0.800001 2.3 3.8
2005-11-10 0.722916 0.522585 -0.390143999406981 0.200001 0.5 2.7
2005-11-11 0.950785 0.505153 -0.390143999406981 2.8 0.8 2.7
2005-11-12 0.965172 0.979963 -0.390143999406981 -1.9 3.6 5.5
2005-11-14 0.903711 0.981401 -0.390143999406981 -5.1 0.4 10.2
2005-11-15 0.949192 0.983778 -0.390143999406981 0.4 -2.2 6.9
2005-11-16 0.929461 0.964603 -0.390143999406981 0.199999 5 5.9
2005-11-17 0.919446 0.957407 -0.390143999406981 0 10.4 4.9
2005-11-18 0.930968 0.956891 -0.390143999406981 1.7 5.9 4.1
2005-11-21 0.919513 0.965106 -0.390143999406981 1.9 7.4 5.9
2005-11-22 0.922426 0.964187 -0.390143999406981 -1.6 9 9.1
2005-11-23 0.624625 0.60982 -0.390143999406981 -1.4 0.2 13
2005-11-24 0.938414 0.960546 -0.390143999406981 -1.9 5.4 9.1
2005-11-25 0.698609 0.871335 -0.390143999406981 -2.3 0.5 5.9
2005-11-26 0.929159 0.918419 -0.390143999406981 2.1 4.6 0.2
2005-11-28 0.970027 0.967892 -0.390143999406981 1.8 5.2 6.8
2005-11-29 0.968241 0.97365 -0.390143999406981 -0.200001 6.2 8.2
2005-11-30 0.971529 0.968533 -0.390143999406981 -1.6 4.1 8.3
2003-11-24 1 1 -0.488594399257336 4.6 -2.6 3.3
2003-11-25 0.982 1 -0.488594399257336 2.2 -3.2 0.6
2003-11-26 0.991829 0.92967 -0.488594399257336 2.9 -2.2 1.4
2003-11-27 0.928763 0.977962 -0.488594399257336 -3.9 -1.9 11.5
2003-11-28 0.852725 0.868735 -0.488594399257336 3.6 0 5
2003-11-29 0.92126 0.920494 -0.488594399257336 2.3 -2.1 8
2003-11-30 0.910763 0.863205 -0.488594399257336 0.599998 1.7 10.7
2004-11-01 0.963023 0.943926 -0.488594399257336 1.5 0.2 1.8
2004-11-02 0.946805 0.946601 -0.488594399257336 1 -2.2 7.5
2004-11-03 0.961022 0.939342 -0.488594399257336 -3.8 -3 3.9
2004-11-04 0.957426 0.893287 -0.488594399257336 -4.1 0.2 4.4
2004-11-05 0.957045 0.937354 -0.488594399257336 0.699999 3.6 0.5
2004-11-06 0.953731 0.941721 -0.488594399257336 1.1 0.0999999 0.7
2004-11-07 0.583108 0.481519 -0.488594399257336 4.3 -0.4 0.599999
2004-11-08 0.742136 0.573399 -0.488594399257336 0.400001 -3.1 -0.900001
2004-11-09 0.862183 0.53035 -0.488594399257336 0.1 -1.5 -0.3
2004-11-10 0.950456 0.961415 -0.488594399257336 -0.299999 -0.7 0.2
2004-11-11 0.739741 0.748782 -0.488594399257336 1.6 0.400001 1.3
2004-11-12 0.951055 0.948796 -0.488594399257336 -0.200001 2.7 2
2004-11-13 0.809249 0.811035 -0.488594399257336 -0.4 3.4 0.5
2004-11-14 0.988478 0.971597 -0.488594399257336 2.1 -0.1 4.9
2004-11-15 0.987084 0.979359 -0.488594399257336 -1.1 -3.5 6.6
2004-11-16 0.972445 0.976803 -0.488594399257336 1.5 -6.9 5
2005-11-02 0.883106 0.822659 -0.488594399257336 -1.7 -3.6 8.7
2005-11-06 0.74455 0.770652 -0.488594399257336 -1.4 0.2 4.3
2005-11-08 0.586793 0.721602 -0.488594399257336 0.800001 2.4 1.1
2005-11-09 0.417839 0.694825 -0.488594399257336 0.699999 2.7 2.2
2005-11-16 0.989543 0.964603 -0.488594399257336 3.8 -1.6 7.6
2005-11-23 0.69912 0.60982 -0.488594399257336 -0.1 -4.2 12.6
2005-11-24 0.958851 0.960546 -0.488594399257336 -3.4 3.5 9.8
2005-11-25 0.793045 0.871335 -0.488594399257336 -0.4 2.8 5.5
2005-11-26 0.974899 0.918419 -0.488594399257336 2.7 2.7 0.6
2005-11-28 0.978274 0.967892 -0.488594399257336 0.800001 -2.3 11.8
2005-11-29 0.966533 0.97365 -0.488594399257336 0.700001 1.1 8.9
2005-11-30 0.970353 0.968533 -0.488594399257336 0.199999 3.5 6.3
