Eigenvectors for et0pca are:
( -0.09 -0.14 -0.22 -0.27 -0.36 -0.43 -0.46 -0.40 -0.33 -0.20 -0.10 -0.09 )
( -0.23 -0.28 -0.18 -0.42 -0.34 0.17 0.52 0.28 -0.03 -0.22 -0.26 -0.22 )
( -0.28 0.01 -0.11 0.10 0.31 0.62 -0.19 -0.39 -0.13 -0.08 -0.41 -0.18 )
( 0.41 -0.34 0.04 0.10 0.09 0.20 0.22 -0.16 -0.43 -0.45 0.20 0.38 )
( -0.14 -0.48 -0.46 0.16 0.43 -0.14 -0.26 0.40 0.07 -0.13 0.19 -0.15 )
( -0.09 0.01 0.64 -0.45 0.26 0.04 -0.33 0.33 -0.15 -0.26 0.01 -0.08 )
( -0.28 0.37 0.04 0.24 0.29 -0.38 0.40 -0.04 -0.43 -0.20 0.07 -0.32 )
( 0.04 0.28 -0.37 -0.49 0.12 0.27 -0.00 -0.00 -0.30 0.32 0.51 -0.03 )
( -0.17 0.11 0.08 0.42 -0.55 0.34 -0.24 0.24 -0.16 -0.17 0.37 -0.22 )
( -0.25 -0.39 0.29 -0.08 0.04 0.01 0.18 -0.49 0.31 0.03 0.50 -0.27 )
( -0.07 -0.43 0.24 0.15 -0.05 -0.03 0.04 0.10 -0.51 0.66 -0.14 -0.04 )
( 0.69 -0.03 0.01 0.00 0.02 0.03 -0.02 -0.02 0.02 0.01 -0.09 -0.71 )
