#produced by i.cluster
#Class 1
12315
82.046935 84.053999 14.286236 
726.811667 
-410.158455 1130.830525 
-472.660910 571.986491 1952.049863 
#Class 2
17139
15.867437 60.714161 170.655406 
201.228079 
-74.762483 642.593574 
-138.119379 -234.505145 1517.938081 
#Class 3
30226
71.458976 135.570568 108.034275 
576.309268 
39.225558 566.443341 
121.198925 35.725588 669.291993 
#Class 4
24000
91.829250 205.489125 102.039500 
105.607328 
-19.606799 427.477860 
9.575560 -20.396212 830.176030 
#Class 5
18692
83.671303 161.761663 183.811256 
315.081937 
104.125390 664.952395 
-184.615411 -192.977307 507.476010 
