#produced by i.cluster
#Class 1
12172
82.930085 84.517581 13.712701 
689.188522 
-435.950582 1135.323576 
-432.068564 603.320679 1946.957055 
#Class 2
14486
28.154149 71.749551 135.836394 
359.077721 
16.647653 764.254565 
-96.492348 -192.363518 573.165085 
#Class 3
6790
5.873049 58.658468 207.813108 
163.721398 
-159.965002 720.459712 
253.630269 -501.218059 1173.959911 
#Class 4
26679
75.715094 141.730987 107.508977 
423.103360 
-75.601536 359.279642 
121.635870 42.877874 720.790674 
#Class 5
23645
91.920660 206.075280 102.277141 
107.094703 
-22.105641 414.635848 
10.131954 -24.542265 846.275626 
#Class 6
18600
83.846989 161.750269 183.802527 
301.219234 
95.896407 658.975805 
-181.986183 -190.789895 508.775723 
