#produced by i.cluster
#Class 1
5124
101.270882 60.048009 -25.546448 
273.493269 
-229.337036 801.256332 
-36.162508 72.261063 1435.273072 
#Class 2
13729
16.775876 64.839391 151.593561 
205.217320 
-83.332036 601.989864 
-105.583669 12.009965 347.462126 
#Class 3
17338
63.829046 113.600127 63.751009 
689.238582 
-17.590196 735.152026 
-31.844437 -74.640321 609.313728 
#Class 4
3633
12.426645 47.750069 236.143408 
140.294246 
-90.827810 636.645667 
29.535440 -315.683311 413.511092 
#Class 5
21486
79.814623 142.995951 126.314112 
349.983460 
-95.899517 389.639034 
20.544943 -81.008642 287.011825 
#Class 6
18359
91.897217 203.474263 89.408083 
131.584979 
-38.380165 492.322562 
6.179979 -141.340515 421.470892 
#Class 7
12960
93.195833 197.509877 156.564120 
147.470096 
-5.139059 312.580040 
80.729861 -82.185177 286.656587 
#Class 8
9743
71.771220 145.764652 200.445345 
230.091054 
-73.626729 396.369056 
-31.723396 27.465734 322.179290 
