#################### CLUSTER (Sat Apr  1 02:10:03 2006) ####################

Location: California
Mapset:   hart06et
Group:    et0
Subgroup: all
 et0_01@hart06et
 et0_02@hart06et
 et0_03@hart06et
 et0_04@hart06et
 et0_05@hart06et
 et0_06@hart06et
 et0_07@hart06et
 et0_08@hart06et
 et0_09@hart06et
 et0_10@hart06et
 et0_11@hart06et
 et0_12@hart06et
Result signature file: cluster.sig

Region
  North:    450000.00  East:    600000.00
  South:   -650000.00  West:   -400000.00
  Res:        2000.00  Res:       2000.00
  Rows:           550  Cols:          500  Cells: 275000
Mask: <MASK> in mapset <hart06et>

Cluster parameters
 Number of initial classes:    24
 Minimum class size:           17
 Minimum class separation:     0.000000
 Percent convergence:          98.000000
 Maximum number of iterations: 30

 Row sampling interval:        5
 Col sampling interval:        5

Sample size: 4103 points


means and standard deviations for 12 bands

 means     1.30   1.97   3.20   3.92   5.20   6.40   6.87   6.00   4.87   2.92   1.44   1.27
 stddev    0.46   0.60   0.70   1.01   1.21   1.18   0.99   0.91   0.86   0.69   0.50   0.44


initial means for each band

class 1      0.84   1.37   2.50   2.91   3.99   5.22   5.88   5.09   4.01   2.22   0.94   0.83
class 2      0.88   1.42   2.56   3.00   4.09   5.32   5.97   5.17   4.08   2.29   0.99   0.87
class 3      0.92   1.47   2.62   3.09   4.20   5.42   6.05   5.25   4.16   2.35   1.03   0.90
class 4      0.96   1.53   2.69   3.17   4.30   5.52   6.14   5.33   4.23   2.41   1.07   0.94
class 5      1.00   1.58   2.75   3.26   4.41   5.63   6.22   5.41   4.31   2.47   1.12   0.98
class 6      1.04   1.63   2.81   3.35   4.51   5.73   6.31   5.49   4.38   2.53   1.16   1.02
class 7      1.08   1.68   2.87   3.44   4.62   5.83   6.40   5.57   4.46   2.59   1.20   1.06
class 8      1.12   1.74   2.93   3.53   4.72   5.93   6.48   5.64   4.53   2.65   1.25   1.10
class 9      1.16   1.79   2.99   3.61   4.83   6.04   6.57   5.72   4.61   2.71   1.29   1.14
class 10     1.20   1.84   3.05   3.70   4.93   6.14   6.65   5.80   4.68   2.77   1.33   1.18
class 11     1.24   1.89   3.11   3.79   5.04   6.24   6.74   5.88   4.76   2.83   1.38   1.21
class 12     1.28   1.94   3.17   3.88   5.14   6.34   6.82   5.96   4.83   2.89   1.42   1.25
class 13     1.32   2.00   3.23   3.96   5.25   6.45   6.91   6.04   4.91   2.95   1.46   1.29
class 14     1.36   2.05   3.29   4.05   5.35   6.55   7.00   6.12   4.98   3.01   1.51   1.33
class 15     1.40   2.10   3.35   4.14   5.46   6.65   7.08   6.20   5.06   3.07   1.55   1.37
class 16     1.44   2.15   3.41   4.23   5.56   6.76   7.17   6.28   5.14   3.13   1.59   1.41
class 17     1.48   2.21   3.47   4.31   5.67   6.86   7.25   6.36   5.21   3.19   1.64   1.45
class 18     1.52   2.26   3.54   4.40   5.77   6.96   7.34   6.44   5.29   3.25   1.68   1.48
class 19     1.56   2.31   3.60   4.49   5.88   7.06   7.42   6.52   5.36   3.31   1.72   1.52
class 20     1.60   2.36   3.66   4.58   5.98   7.17   7.51   6.60   5.44   3.37   1.76   1.56
class 21     1.64   2.42   3.72   4.67   6.09   7.27   7.60   6.67   5.51   3.43   1.81   1.60
class 22     1.68   2.47   3.78   4.75   6.19   7.37   7.68   6.75   5.59   3.49   1.85   1.64
class 23     1.72   2.52   3.84   4.84   6.30   7.47   7.77   6.83   5.66   3.55   1.89   1.68
class 24     1.76   2.57   3.90   4.93   6.40   7.58   7.85   6.91   5.74   3.61   1.94   1.72


class means/stddev for each band


class 1 (401)
  means    1.11   1.32   2.48   3.00   4.00   4.76   5.47   4.77   3.94   2.03   1.21   1.06
  stddev   0.32   0.47   0.50   0.23   0.07   0.45   0.71   0.43   0.24   0.18   0.41   0.25

class 2 (164)
  means    1.07   1.34   2.35   3.07   4.00   5.57   5.86   5.00   4.00   2.09   1.15   1.04
  stddev   0.26   0.47   0.48   0.28   0.00   0.65   0.37   0.11   0.00   0.29   0.35   0.20

class 3 (257)
  means    1.14   1.42   2.66   3.12   4.00   5.60   6.16   5.07   4.00   2.21   1.18   1.09
  stddev   0.34   0.50   0.47   0.33   0.06   0.70   0.63   0.26   0.00   0.41   0.38   0.29

class 4 (166)
  means    1.04   1.56   2.89   3.02   4.08   5.67   6.30   5.28   4.02   2.62   1.08   1.01
  stddev   0.19   0.50   0.32   0.15   0.27   0.50   0.54   0.45   0.15   0.49   0.28   0.08

class 5 (240)
  means    1.04   1.45   2.98   3.08   4.17   5.84   6.70   5.59   4.00   2.15   1.15   1.02
  stddev   0.20   0.50   0.13   0.28   0.38   0.40   0.56   0.49   0.00   0.36   0.35   0.16

class 6 (172)
  means    1.06   1.90   2.99   3.05   4.20   5.93   6.56   5.53   4.19   2.57   1.07   1.05
  stddev   0.23   0.31   0.11   0.22   0.40   0.26   0.53   0.50   0.39   0.50   0.26   0.22

class 7 (203)
  means    1.03   1.80   3.00   3.36   4.73   5.79   6.38   5.43   4.30   2.75   1.22   1.00
  stddev   0.17   0.40   0.07   0.48   0.44   0.41   0.49   0.50   0.46   0.43   0.41   0.00

class 8 (141)
  means    1.11   1.98   3.00   3.15   4.40   5.88   6.82   5.89   4.62   2.78   1.16   1.09
  stddev   0.32   0.14   0.00   0.36   0.49   0.33   0.38   0.32   0.49   0.42   0.37   0.28

class 9 (114)
  means    1.12   1.92   3.00   3.50   5.00   5.87   6.25   5.68   4.68   2.97   1.32   1.12
  stddev   0.33   0.27   0.00   0.50   0.00   0.34   0.44   0.47   0.47   0.16   0.47   0.33

class 10 (248)
  means    1.10   2.00   3.00   3.55   5.00   5.92   6.48   6.00   4.96   2.99   1.10   1.08
  stddev   0.30   0.00   0.00   0.50   0.00   0.27   0.50   0.00   0.19   0.11   0.30   0.27

class 11 (316)
  means    1.01   2.00   3.00   3.98   5.00   6.01   6.89   6.00   5.00   3.00   1.13   1.00
  stddev   0.08   0.06   0.00   0.14   0.00   0.08   0.31   0.00   0.06   0.00   0.33   0.00

class 12 (165)
  means    1.09   2.00   3.00   4.00   5.01   6.00   6.90   6.00   5.00   3.00   2.00   1.09
  stddev   0.29   0.00   0.00   0.00   0.11   0.00   0.30   0.00   0.00   0.00   0.00   0.29

class 13 (191)
  means    1.31   2.00   3.00   3.99   5.00   6.69   7.00   6.01   5.00   3.00   1.31   1.15
  stddev   0.46   0.00   0.00   0.07   0.00   0.47   0.00   0.10   0.00   0.00   0.47   0.36

class 14 (106)
  means    1.08   2.00   3.08   4.00   5.68   6.88   6.99   6.09   5.00   3.00   1.28   1.08
  stddev   0.28   0.00   0.27   0.00   0.47   0.33   0.10   0.29   0.00   0.00   0.45   0.28

class 15 (61)
  means    1.02   2.00   3.00   4.00   5.59   6.98   7.00   6.43   5.00   3.00   2.00   1.00
  stddev   0.13   0.00   0.00   0.00   0.50   0.13   0.00   0.50   0.00   0.00   0.00   0.00

class 16 (104)
  means    1.15   2.00   3.19   4.00   5.99   6.90   7.00   6.76   5.00   3.00   1.82   1.15
  stddev   0.36   0.00   0.40   0.00   0.10   0.30   0.00   0.43   0.00   0.00   0.39   0.36

class 17 (50)
  means    1.46   2.00   3.24   4.00   5.94   6.98   7.58   6.80   5.00   3.00   1.48   1.22
  stddev   0.50   0.00   0.43   0.00   0.24   0.14   0.50   0.40   0.00   0.00   0.50   0.42

class 18 (34)
  means    1.35   2.00   3.29   4.26   6.00   6.97   7.32   6.74   5.24   3.00   2.00   1.21
  stddev   0.49   0.00   0.46   0.45   0.00   0.17   0.47   0.45   0.43   0.00   0.00   0.41

class 19 (30)
  means    1.57   2.00   3.90   4.23   6.00   7.00   7.20   6.93   5.27   3.00   2.00   1.47
  stddev   0.50   0.00   0.31   0.43   0.00   0.00   0.41   0.25   0.45   0.00   0.00   0.51

class 20 (44)
  means    1.61   2.00   4.00   4.36   6.00   7.00   7.45   6.95   5.59   3.02   2.00   1.61
  stddev   0.49   0.00   0.00   0.49   0.00   0.00   0.50   0.21   0.50   0.15   0.00   0.49

class 21 (22)
  means    1.50   2.00   4.00   4.77   6.00   7.00   7.36   6.86   5.95   3.55   2.00   1.50
  stddev   0.51   0.00   0.00   0.43   0.00   0.00   0.49   0.35   0.21   0.51   0.00   0.51

class 22 (9)
  means    1.78   2.00   4.00   5.00   6.00   7.00   7.56   7.00   6.00   3.67   2.00   1.44
  stddev   0.44   0.00   0.00   0.00   0.00   0.00   0.53   0.00   0.00   0.50   0.00   0.53

class 23 (72)
  means    1.90   2.29   4.00   5.01   6.15   7.06   7.61   6.94   5.94   3.67   2.00   1.86
  stddev   0.30   0.46   0.00   0.12   0.36   0.23   0.49   0.23   0.23   0.47   0.00   0.35

class 24 (793)
  means    2.00   2.84   4.30   5.63   7.23   8.34   8.29   7.28   6.21   3.97   2.00   2.00
  stddev   0.05   0.37   0.46   0.48   0.51   0.52   0.54   0.50   0.43   0.17   0.00   0.00

class distribution
        401        164        257        166        240
        172        203        141        114        248
        316        165        191        106         61
        104         50         34         30         44
         22          9         72        793

######## iteration 1 ###########
24 classes, 71.29% points stable
class distribution
        257        284        283        113        390
         84        163        131        137        256
        282        278        142         67         77
         89         43         37         49         35
         34          9        135        728

######## iteration 2 ###########
24 classes, 92.27% points stable
class distribution
        237        312        322        111        343
         87        168        105        113        309
        284        267        142         67         77
         86         40         31         45         40
         43         11        187        676

######## iteration 3 ###########
24 classes, 96.44% points stable
class distribution
        237        310        324        110        342
         87        169        105        103        321
        284        258        142         67         77
         86         40         22         52         38
         50         15        284        580

######## iteration 4 ###########
24 classes, 97.86% points stable
class distribution
        231        310        324        110        342
         87        182        105         95        321
        284        258        142         67         87
         86         40         23         33         68
         50         15        290        553

######## iteration 5 ###########
24 classes, 99.22% points stable
class distribution
        230        310        324        110        342
         87        182        105         95        321
        284        259        142         67         87
         86         40         26         36         65
         51         15        309        530

########## final results #############
23 classes (convergence=99.2%)

class separability matrix


         1     2     3     4     5     6     7     8     9    10

  1      0
  2    1.1     0
  3    1.4   0.4     0
  4    1.4   0.9   0.4     0
  5    1.9   1.3   1.1   1.9     0
  6    1.1   2.0   1.2   0.7   1.5     0
  7    2.6   2.2   2.1   0.6   1.6   0.6     0
  8    1.6   2.5   2.3   0.9   2.1   0.2   0.9     0
  9    2.0   2.1   2.4   1.6   1.9   0.5   1.1   0.8     0
 10    3.2   4.1   3.9   1.3   3.2   0.4   1.0   0.3   0.8     0
 11    2.4   2.6   2.9   1.7   2.3   0.5   1.2   0.0   0.8   0.1
 12    4.8   4.0   4.7   3.2   2.5   0.7   1.9   0.1   1.4   0.5
 13    2.2   3.3   3.1   2.1   2.5   0.7   1.1   0.2   0.7   0.5
 14   13.0  11.5  12.4   5.8   6.2   0.8   4.2   0.2   2.8   0.8
 15    4.6   3.0   2.3   2.5   1.0   0.7   1.8   0.4   1.6   0.8
 16    1.6   3.1   1.8   1.4   1.4   0.7   1.2   0.2   0.7   0.5
 17    2.4   2.4   2.5   2.3   1.9   1.2   1.1   0.9   1.3   0.8
 18    4.1   3.2   3.2   2.7   2.1   1.0   2.3   0.3   1.6   0.9
 19    3.4   2.9   3.0   2.3   2.0   0.7   2.0   1.4   1.1   1.1
 20    5.4   4.0   3.9   3.4   3.0   1.3   3.2   2.1   2.4   2.6
 21    3.4   3.3   3.6   2.7   2.8   1.2   2.0   1.9   1.9   1.9
 22    5.8   6.0   6.5   4.9   5.0   2.2   4.3   3.1   2.8   4.2
 23    7.7   8.5   9.0   5.7   6.9   3.1   5.0   4.0   4.1   5.2


        11    12    13    14    15    16    17    18    19    20

 11      0
 12    0.0     0
 13    0.1   0.1     0
 14    0.1   7.1   0.1     0
 15    0.1   0.7   0.2   0.5     0
 16    0.2   0.3   0.5   0.8   0.3     0
 17    0.1   1.3   0.7   0.4   0.7   0.2     0
 18    0.1   1.7   0.7   1.0   0.4   0.2   0.5     0
 19    0.3   0.7   0.4   0.6   0.5   1.5   0.7   0.7     0
 20    1.1   2.7   0.9   2.0   1.2   1.3   0.7   0.4   1.1     0
 21    1.1   1.7   1.2   1.5   0.7   0.9   0.4   0.5   1.3   1.2
 22    2.4   4.1   2.6   6.1   2.4   2.4   1.2   1.3   1.7   1.3
 23    2.9   5.7   3.8   7.4   3.3   3.2   1.8   2.5   2.9   3.0


        21    22    23

 21      0
 22    1.9     0
 23    2.3   1.1     0


class means/stddev for each band


class 1 (230)
  means    1.40   1.83   2.91   3.25   4.00   4.38   4.85   4.61   3.90   2.27   1.63   1.24
  stddev   0.49   0.38   0.28   0.43   0.07   0.51   0.41   0.50   0.31   0.44   0.48   0.43

class 2 (310)
  means    1.00   1.00   2.00   2.96   4.00   5.39   5.99   5.03   4.00   2.01   1.00   1.00
  stddev   0.00   0.00   0.00   0.19   0.08   0.49   0.29   0.24   0.00   0.10   0.00   0.00

class 3 (324)
  means    1.00   1.43   2.77   3.00   4.02   5.75   6.40   5.00   4.00   2.00   1.02   1.00
  stddev   0.00   0.50   0.42   0.06   0.12   0.43   0.49   0.06   0.00   0.00   0.16   0.00

class 4 (110)
  means    1.04   1.86   3.00   3.00   4.00   5.71   5.99   5.02   4.04   3.00   1.08   1.00
  stddev   0.19   0.34   0.00   0.00   0.00   0.46   0.10   0.13   0.19   0.00   0.28   0.00

class 5 (342)
  means    1.00   1.30   2.93   3.00   4.21   5.88   6.96   6.00   4.01   2.04   1.00   1.00
  stddev   0.00   0.46   0.25   0.00   0.41   0.32   0.19   0.00   0.08   0.18   0.00   0.00

class 6 (87)
  means    1.00   1.99   3.00   3.00   4.00   6.00   6.62   5.33   4.45   3.00   1.00   1.00
  stddev   0.00   0.11   0.00   0.00   0.00   0.00   0.49   0.47   0.50   0.00   0.00   0.00

class 7 (182)
  means    1.01   2.00   3.00   3.62   4.98   5.59   5.94   5.12   4.07   2.83   1.52   1.00
  stddev   0.07   0.00   0.00   0.49   0.13   0.49   0.30   0.33   0.26   0.38   0.50   0.00

class 8 (105)
  means    1.00   1.97   2.99   3.00   4.00   6.00   6.86   6.00   5.00   2.98   1.00   1.00
  stddev   0.00   0.17   0.10   0.00   0.00   0.00   0.35   0.00   0.00   0.14   0.00   0.00

class 9 (95)
  means    2.00   2.00   3.00   3.98   4.84   5.14   5.92   5.49   4.47   3.00   2.00   1.80
  stddev   0.00   0.00   0.00   0.14   0.37   0.48   0.28   0.50   0.50   0.00   0.00   0.40

class 10 (321)
  means    1.00   1.96   3.00   3.36   5.00   6.00   6.42   5.86   4.95   3.00   1.00   1.00
  stddev   0.00   0.20   0.06   0.48   0.00   0.00   0.49   0.35   0.22   0.06   0.00   0.00

class 11 (284)
  means    1.00   2.00   3.00   4.00   5.00   6.00   7.00   6.00   4.98   2.98   1.00   1.00
  stddev   0.00   0.00   0.00   0.00   0.00   0.00   0.00   0.00   0.16   0.13   0.00   0.00

class 12 (259)
  means    1.24   2.00   3.00   3.97   5.02   6.00   6.85   6.00   4.98   3.00   2.00   1.11
  stddev   0.43   0.00   0.00   0.17   0.15   0.06   0.35   0.06   0.14   0.00   0.00   0.32

class 13 (142)
  means    1.00   1.99   3.00   3.98   5.00   7.00   7.00   6.07   5.00   3.00   1.00   1.00
  stddev   0.00   0.08   0.00   0.14   0.00   0.00   0.00   0.26   0.00   0.00   0.00   0.00

class 14 (67)
  means    1.00   2.00   3.00   4.00   6.00   7.00   7.00   6.00   5.00   3.00   1.00   1.00
  stddev   0.00   0.00   0.00   0.00   0.00   0.00   0.00   0.00   0.00   0.00   0.00   0.00

class 15 (87)
  means    1.00   2.00   3.11   4.00   5.53   7.00   6.99   6.29   5.00   3.00   2.00   1.00
  stddev   0.00   0.00   0.32   0.00   0.50   0.00   0.11   0.46   0.00   0.00   0.00   0.00

class 16 (86)
  means    1.00   2.00   3.01   4.00   6.00   7.00   7.00   7.00   5.08   3.00   1.78   1.00
  stddev   0.00   0.00   0.11   0.00   0.00   0.00   0.00   0.00   0.28   0.00   0.42   0.00

class 17 (40)
  means    1.20   2.00   3.00   4.00   5.92   7.00   8.00   7.00   5.00   3.00   1.35   1.00
  stddev   0.41   0.00   0.00   0.00   0.27   0.00   0.00   0.00   0.00   0.00   0.48   0.00

class 18 (26)
  means    2.00   2.00   3.00   4.00   5.92   6.92   7.12   6.81   5.00   3.00   2.00   1.62
  stddev   0.00   0.00   0.00   0.00   0.27   0.27   0.33   0.40   0.00   0.00   0.00   0.50

class 19 (36)
  means    2.00   2.00   4.00   4.19   5.78   6.47   7.00   6.03   5.11   3.11   2.00   2.00
  stddev   0.00   0.00   0.00   0.40   0.42   0.51   0.00   0.17   0.32   0.32   0.00   0.00

class 20 (65)
  means    2.00   2.00   4.00   4.34   6.00   6.98   7.69   7.00   5.54   3.00   2.00   1.95
  stddev   0.00   0.00   0.00   0.48   0.00   0.12   0.47   0.00   0.50   0.00   0.00   0.21

class 21 (51)
  means    1.00   2.00   4.00   4.84   6.12   7.00   7.00   6.82   5.73   3.29   2.00   1.02
  stddev   0.00   0.00   0.00   0.37   0.33   0.00   0.00   0.39   0.45   0.46   0.00   0.14

class 22 (309)
  means    1.99   2.51   4.00   5.07   6.77   7.82   7.91   7.06   5.96   3.93   2.00   2.00
  stddev   0.08   0.50   0.00   0.26   0.42   0.43   0.53   0.46   0.19   0.26   0.00   0.00

class 23 (530)
  means    2.00   2.99   4.45   5.90   7.41   8.53   8.44   7.38   6.34   3.99   2.00   2.00
  stddev   0.00   0.09   0.50   0.30   0.49   0.50   0.50   0.49   0.47   0.10   0.00   0.00



#################### CLASSES ####################

23 classes, 99.22% points stable

######## CLUSTER END (Sat Apr  1 02:10:03 2006) ########
